1000 9893
565 793
747 650
17 979
717 110
831 176
919 790
668 534
29 44
87 346
218 231
589 52
939 77
426 40
579 226
621 355
324 911
381 746
420 718
972 19
650 28
762 587
194 399
119 345
824 106
721 422
544 377
19 313
739 198
888 780
759 27
338 725
20 335
531 210
769 857
382 613
53 651
627 810
222 242
872 460
405 780
563 210
875 292
224 301
572 284
495 703
645 685
835 998
932 180
199 631
202 425
184 692
166 580
261 932
334 746
316 433
600 252
454 323
481 231
672 584
19 979
496 932
782 590
317 714
301 69
837 19
259 542
949 433
560 952
746 991
207 892
676 998
716 827
183 214
902 352
137 554
488 882
642 805
863 821
828 536
243 232
760 958
929 439
661 104
522 302
229 150
712 176
161 158
489 499
552 985
875 480
427 191
308 202
481 810
243 439
103 867
731 410
713 699
961 732
824 69
332 71
631 381
411 880
865 964
215 666
57 808
241 59
890 408
80 278
83 921
908 670
734 664
240 204
259 322
80 421
152 818
338 697
614 474
409 943
279 12
389 604
709 599
359 290
86 510
269 54
914 301
909 486
378 808
828 154
169 371
988 464
805 166
859 317
991 719
775 530
301 391
657 375
953 808
314 882
926 306
524 993
836 915
174 222
16 136
201 156
827 176
360 371
775 816
674 529
686 117
944 372
373 390
67 743
230 17
201 365
484 420
721 614
792 631
81 967
723 496
941 89
758 294
176 93
822 484
989 333
704 451
964 29
290 60
55 380
388 593
337 127
945 888
431 989
233 958
324 259
649 245
493 372
555 505
336 433
157 189
15 259
567 374
328 725
495 331
208 123
450 216
379 226
831 414
533 307
536 73
938 293
169 596
808 841
497 970
705 711
669 36
322 177
363 583
699 757
522 774
389 781
707 286
708 621
857 173
760 174
648 240
740 350
526 241
98 110
657 902
330 870
187 979
373 772
190 714
503 385
257 641
274 353
38 270
903 782
795 129
429 899
877 261
771 424
705 188
834 472
37 515
178 20
141 96
179 789
326 164
844 545
306 825
576 143
978 751
761 133
78 379
136 608
945 510
503 852
785 149
309 895
770 227
519 988
558 130
463 506
46 86
213 751
645 818
559 284
729 577
111 677
559 653
897 910
296 58
96 49
484 76
244 489
59 758
208 204
382 347
384 150
168 749
395 310
238 378
664 845
508 90
405 881
742 186
376 626
640 246
660 249
399 343
243 337
318 285
964 279
458 640
722 481
963 19
560 283
545 425
284 443
893 505
36 647
626 20
493 11
989 902
904 280
388 137
873 629
748 519
553 185
860 661
445 217
269 267
496 31
186 823
453 50
333 900
606 8
303 92
696 248
182 903
170 907
173 704
563 328
411 247
196 871
160 309
514 668
861 627
679 422
773 685
800 261
838 333
645 483
637 861
984 465
409 424
783 629
509 458
861 789
239 673
274 615
334 655
643 830
35 366
813 301
171 862
303 513
253 950
788 935
58 324
386 335
157 688
358 19
288 917
182 237
276 354
499 411
154 834
999 286
34 300
189 748
332 521
943 901
671 72
283 795
275 621
360 337
972 584
720 497
849 147
261 293
391 678
432 989
967 711
739 700
538 561
686 617
780 726
180 314
915 841
391 232
8 747
116 596
449 303
214 233
622 218
604 929
613 957
834 954
318 27
229 932
801 35
512 855
72 846
644 431
424 522
151 617
743 979
688 603
483 41
1000 477
375 463
32 479
985 431
644 318
768 945
78 810
248 829
307 196
36 526
347 711
297 62
924 77
818 712
213 242
363 301
204 987
776 44
620 339
801 623
160 337
114 936
813 980
939 665
556 599
959 682
831 757
531 435
201 820
403 804
904 735
157 961
163 368
40 5
116 304
836 553
365 795
166 724
867 553
106 157
235 307
534 163
663 261
957 552
119 945
525 484
304 232
698 936
92 79
656 448
702 912
997 771
33 543
694 340
876 591
516 648
298 621
906 876
958 712
121 538
900 576
548 313
241 621
154 632
917 39
56 966
203 681
976 887
629 547
228 204
105 159
949 172
436 785
953 169
347 246
129 959
223 587
336 101
377 895
690 888
855 22
413 511
768 18
299 504
639 960
219 226
640 476
899 697
954 692
612 392
686 871
159 292
199 240
57 815
385 864
351 779
492 141
517 658
592 227
901 141
886 965
916 750
853 132
433 761
967 124
695 909
757 600
792 596
562 534
322 511
929 589
269 164
40 820
818 895
412 748
887 715
302 199
508 1000
53 799
415 509
970 100
643 22
352 307
776 437
323 594
913 780
988 320
954 464
558 214
600 328
728 829
582 168
123 821
434 59
148 135
809 476
614 281
392 936
559 744
881 532
836 803
448 612
103 284
675 487
917 430
928 985
712 864
159 175
805 761
224 842
507 414
971 685
546 507
286 38
570 501
251 857
724 638
29 832
458 794
699 840
37 929
479 928
559 812
673 853
362 618
843 389
583 382
561 952
878 137
117 857
284 336
34 651
551 178
873 920
801 235
820 177
89 169
180 16
143 396
994 764
958 3
292 89
886 801
541 154
249 412
543 828
308 739
353 462
552 163
819 153
565 389
93 388
383 719
122 116
710 285
652 297
731 978
313 877
781 254
630 119
796 925
106 819
692 606
788 797
165 762
224 298
267 294
505 311
495 980
831 814
387 705
729 576
785 438
326 982
537 309
974 866
808 818
463 283
28 836
922 360
941 444
923 721
340 965
27 653
491 691
275 638
594 96
667 724
561 105
229 459
250 950
927 502
457 752
881 11
138 29
285 474
751 187
163 930
981 889
584 436
307 559
215 910
271 904
755 173
367 819
741 66
783 55
384 520
327 353
574 674
63 443
247 398
394 596
488 263
87 289
347 476
739 974
122 980
369 149
247 172
537 299
170 337
579 951
377 371
449 142
285 544
332 694
661 837
746 85
643 291
687 938
389 659
502 292
287 472
294 528
297 268
500 269
248 478
467 188
514 447
379 757
184 666
370 785
757 163
978 720
377 175
306 341
165 670
258 16
921 336
889 196
908 122
103 70
13 346
698 546
166 824
318 943
767 188
895 331
879 598
276 355
956 477
957 628
794 845
146 819
326 589
955 159
686 285
136 498
963 376
836 138
858 590
805 689
664 827
521 662
776 905
727 352
250 970
219 9
349 902
686 511
124 394
159 389
452 401
869 32
561 887
423 272
926 185
569 348
861 326
419 697
242 76
557 387
395 284
30 285
512 12
640 497
548 730
109 508
627 323
555 238
938 250
333 756
82 948
303 428
656 875
808 770
19 93
772 357
521 163
507 190
368 408
227 47
688 555
618 804
945 745
311 663
312 815
830 145
562 627
193 252
293 9
994 390
316 254
49 541
835 714
361 771
804 667
37 52
827 721
227 666
838 430
420 19
287 683
123 970
164 24
684 983
101 988
582 50
912 202
2 94
918 80
796 628
863 505
362 32
509 207
664 714
168 505
814 912
784 163
417 462
509 160
168 392
277 42
686 206
945 112
853 871
215 370
884 67
850 47
297 949
707 970
889 947
965 270
713 381
401 867
354 837
327 767
447 476
632 336
789 929
868 686
741 440
688 60
621 914
716 618
191 49
314 498
209 232
545 374
968 875
18 398
649 304
940 497
579 51
691 909
86 961
68 564
52 209
15 463
843 710
146 362
184 73
57 189
683 17
657 638
98 340
184 56
826 619
114 265
706 197
731 123
964 669
397 268
125 647
551 495
740 420
961 433
481 724
99 133
725 441
875 484
588 967
45 572
230 632
467 278
965 763
88 33
808 59
807 564
808 201
936 414
221 396
334 597
687 211
277 507
297 469
338 251
233 471
430 219
269 871
897 646
400 986
419 70
22 33
188 793
73 120
136 932
429 97
620 884
947 614
35 182
293 669
372 93
267 27
715 921
510 231
239 303
97 322
61 657
451 215
569 984
971 924
699 109
632 56
447 355
984 885
551 617
839 573
523 8
245 924
357 114
674 404
858 425
52 480
841 701
91 10
537 148
227 188
501 871
745 25
932 979
976 227
812 377
212 861
414 3
734 830
807 182
989 783
66 486
564 409
17 554
894 916
436 20
313 327
281 993
877 959
8 402
160 77
434 420
470 366
811 366
373 657
890 301
726 927
749 22
127 716
790 696
301 845
875 448
624 832
236 126
900 286
100 733
729 141
931 579
1 666
878 548
979 335
253 590
787 596
943 857
946 15
838 1
567 605
498 559
701 791
828 504
120 876
27 712
582 122
468 430
334 339
409 56
652 76
357 978
358 117
305 127
306 400
471 837
457 772
221 530
79 133
580 510
853 942
245 551
721 576
404 244
854 868
489 4
732 64
290 239
879 275
495 26
225 514
505 906
997 868
745 219
875 584
72 395
555 598
581 758
474 402
794 577
834 690
7 876
871 55
964 273
161 68
458 654
609 582
846 789
777 818
100 95
500 246
750 497
753 435
290 659
73 769
479 368
209 321
816 162
553 996
401 375
702 199
196 890
874 955
378 170
342 833
914 62
199 72
503 837
227 387
156 925
382 765
588 952
679 467
352 944
152 876
541 494
601 3
808 355
537 811
504 350
630 182
443 728
909 475
838 323
197 345
92 545
634 178
726 756
140 239
624 74
40 43
258 980
253 963
568 513
329 51
520 996
373 346
654 627
716 969
148 448
3 351
983 518
624 391
491 624
183 94
832 852
140 819
253 150
515 329
664 909
210 171
447 298
230 174
297 111
888 218
580 240
319 364
410 648
730 517
603 305
270 608
987 158
815 908
522 136
698 387
56 923
589 207
404 349
64 96
564 563
926 190
821 396
56 778
20 173
69 128
152 285
850 652
906 138
620 542
638 759
21 581
650 183
523 399
707 442
253 628
551 117
818 82
973 940
726 229
692 445
902 210
470 295
365 179
26 755
193 66
857 235
855 944
749 77
92 880
297 60
80 444
48 745
9 880
653 647
605 654
17 429
916 923
412 650
914 196
398 973
421 340
227 669
585 563
782 887
157 991
529 685
822 979
371 503
478 441
316 332
603 800
430 188
344 957
133 32
951 362
588 610
939 982
335 193
174 193
729 526
733 46
115 875
385 761
448 538
20 615
444 718
875 754
698 793
385 152
978 249
707 973
10 295
453 569
511 541
149 208
281 456
214 110
708 33
875 528
90 399
744 469
63 143
92 18
846 802
493 989
621 546
786 633
436 898
314 970
393 746
981 746
927 433
246 664
657 637
786 795
362 85
384 523
811 500
47 846
484 660
602 19
570 629
608 239
834 190
835 395
524 102
472 99
71 69
807 721
958 327
393 330
271 258
948 247
991 389
705 36
45 571
585 606
385 109
2 366
849 789
991 773
657 74
244 988
460 817
64 74
173 296
766 633
737 853
634 471
317 521
143 281
230 249
589 881
475 433
439 26
645 731
617 632
410 268
35 787
346 893
810 813
889 876
67 744
355 837
34 483
89 884
399 553
625 794
24 309
900 830
45 161
488 962
953 632
495 1
510 454
148 77
803 363
22 528
738 812
798 18
774 43
505 180
794 925
601 761
992 386
289 890
824 344
593 527
578 731
358 839
252 478
423 825
436 498
597 335
356 499
288 115
234 739
91 614
386 512
688 756
1000 678
947 929
770 698
181 537
632 179
325 942
970 341
398 794
40 786
535 265
984 73
966 169
861 925
441 237
919 253
852 192
100 685
504 814
503 672
697 981
679 669
921 457
903 553
207 172
83 498
176 560
902 10
650 792
876 348
571 502
499 390
790 84
572 916
519 767
583 839
107 711
571 212
888 179
261 556
869 27
410 514
487 560
71 945
685 949
634 943
232 291
698 488
661 60
359 471
707 786
807 375
228 134
284 656
301 698
893 148
203 960
475 871
212 882
301 735
674 155
808 921
683 459
696 639
209 320
838 885
267 672
711 674
347 478
293 634
99 401
891 157
229 542
450 989
752 581
414 672
610 639
170 460
877 51
753 109
991 63
761 618
359 36
598 119
284 203
971 3
420 795
212 910
667 266
697 219
243 940
209 780
943 425
213 844
485 983
148 909
195 344
256 987
991 477
961 154
841 508
749 283
696 473
754 627
663 175
518 886
923 194
525 138
509 455
550 295
588 750
644 808
296 950
610 590
482 897
344 930
865 192
81 721
44 483
732 912
426 815
633 205
70 410
571 131
628 336
186 239
358 481
788 640
864 102
183 206
793 46
124 678
732 37
695 83
73 736
202 964
133 582
997 903
565 579
12 581
414 177
897 137
852 672
293 348
462 349
279 468
586 689
205 554
828 854
544 945
894 755
698 326
365 4
556 936
647 259
794 981
66 444
267 639
821 60
18 315
254 765
940 414
587 723
660 877
384 328
756 918
830 437
152 572
212 628
214 785
751 669
420 601
717 989
539 517
920 513
762 710
856 703
284 184
161 675
571 916
529 983
377 269
335 813
531 214
990 985
739 91
796 751
423 692
501 180
598 258
819 211
88 366
810 498
994 119
134 952
691 13
162 837
455 628
539 65
980 467
49 765
349 2
847 263
206 437
957 323
724 50
230 271
268 40
452 797
130 9
637 691
770 329
741 655
839 560
54 872
2 975
573 388
220 472
63 714
860 86
244 445
202 617
77 363
278 578
430 633
915 539
113 607
903 74
637 265
690 533
642 976
955 411
485 248
401 643
494 14
974 276
280 256
307 617
513 982
471 298
94 675
973 228
521 483
389 115
322 54
655 872
184 75
458 598
755 276
223 362
151 537
91 861
298 513
437 648
740 471
635 235
449 42
179 321
757 981
94 364
97 728
649 97
868 712
469 136
397 411
255 699
346 581
240 192
528 909
321 897
605 550
9 739
398 831
60 298
9 764
195 777
70 919
398 942
610 248
113 432
351 906
853 340
119 525
586 369
252 861
58 950
476 329
973 923
563 931
624 147
438 949
790 222
558 874
779 587
616 823
945 295
20 605
60 154
562 40
921 191
465 267
820 306
284 58
343 366
366 565
37 763
496 851
483 891
695 335
600 617
193 981
158 833
931 275
7 100
565 522
430 661
919 955
110 425
147 417
688 75
711 865
188 25
572 317
371 812
375 844
495 734
898 733
186 731
777 788
9 354
963 993
860 623
739 582
406 779
722 392
782 470
251 928
329 878
591 670
812 665
998 692
213 484
30 746
696 898
90 401
952 108
140 177
937 504
99 453
688 614
797 156
856 712
801 345
401 171
274 443
424 340
96 913
405 264
48 788
360 518
861 762
368 49
969 751
631 16
377 453
929 622
347 945
559 228
9 536
504 960
974 677
973 814
528 663
795 419
356 903
519 984
442 348
260 717
615 883
27 714
853 586
32 676
610 337
828 408
483 953
608 65
111 673
561 396
135 241
304 179
306 309
545 76
174 190
780 889
374 880
456 221
388 674
6 241
181 373
474 481
457 757
59 665
730 734
52 454
593 174
495 506
8 612
780 558
914 58
309 66
591 861
890 651
194 130
640 488
57 138
475 663
539 794
708 943
455 782
591 882
26 874
303 378
910 278
747 153
541 202
890 476
411 941
490 942
930 579
166 145
84 506
212 311
801 470
933 241
221 703
147 708
723 677
729 116
13 147
367 101
715 57
257 737
682 322
701 230
687 951
320 15
122 407
841 483
344 133
39 58
3 18
28 487
840 677
602 524
767 458
144 236
832 25
724 31
304 482
678 504
383 322
563 776
36 567
228 656
423 120
585 81
713 100
704 398
549 502
242 564
315 448
392 867
279 613
603 533
788 641
475 134
538 1000
98 931
979 790
817 151
50 574
805 702
702 730
314 251
171 286
110 353
189 878
392 464
285 443
397 801
676 572
551 896
4 581
349 820
43 233
502 526
968 882
494 226
423 226
542 108
156 319
722 30
881 352
60 707
21 579
359 881
664 361
92 987
428 858
378 349
70 639
710 489
169 862
597 262
445 249
217 74
715 199
825 395
75 100
517 69
648 140
136 480
464 541
250 2
867 145
155 61
933 102
705 207
317 769
784 730
162 834
44 674
745 827
961 790
822 977
35 417
255 218
348 808
884 650
996 972
176 761
174 84
103 22
760 809
638 997
775 698
244 152
883 27
719 105
810 823
874 130
233 282
430 924
788 68
434 611
916 113
123 597
206 199
29 598
799 86
768 682
860 64
680 486
612 993
82 448
817 179
659 688
508 362
664 794
996 407
816 117
67 445
286 89
767 512
897 148
833 790
560 106
986 316
453 857
826 165
352 642
744 358
765 400
4 541
868 911
246 623
640 464
643 787
250 336
445 637
981 857
530 387
554 269
916 756
612 27
522 879
7 741
263 895
88 663
750 137
915 436
446 246
406 569
759 69
433 765
804 964
369 488
663 433
832 389
927 119
984 192
765 837
658 1
491 464
807 672
442 756
922 698
157 709
501 151
620 435
88 36
856 966
994 24
409 406
728 116
247 548
307 371
172 276
309 249
183 732
168 43
175 296
107 46
775 521
213 726
314 895
692 763
176 884
340 719
951 505
165 548
974 778
757 442
81 937
926 681
582 319
716 367
180 779
339 510
698 827
861 285
801 698
281 313
200 648
774 271
228 797
983 292
981 602
358 648
949 795
624 382
682 614
864 781
917 253
8 585
725 964
673 873
128 418
38 613
55 537
792 73
536 775
651 830
708 805
664 387
612 473
612 200
702 148
88 597
413 368
911 241
15 44
858 815
271 86
377 633
194 65
643 668
916 648
891 873
522 771
770 489
894 885
436 309
807 870
66 822
531 160
36 578
679 296
294 782
463 909
815 216
951 1000
184 420
96 155
425 990
500 390
691 471
386 979
541 553
151 999
677 57
952 536
40 50
634 390
942 439
266 700
835 933
748 386
865 186
884 706
810 749
667 876
540 406
745 668
905 823
965 911
950 924
245 313
598 759
325 369
650 632
63 525
858 711
548 159
496 880
449 794
893 991
965 306
968 490
328 905
821 902
59 998
831 409
563 595
659 744
535 213
976 932
495 404
8 918
831 494
907 470
103 627
911 390
320 336
570 4
536 396
849 59
907 295
11 362
802 83
731 59
113 832
68 120
813 140
115 270
998 631
155 116
825 35
988 569
72 123
583 556
285 873
233 584
437 350
792 323
8 466
445 867
119 76
156 250
123 9
179 267
648 770
575 425
668 349
326 511
834 117
504 656
431 417
605 822
397 337
933 879
950 903
627 566
580 728
777 499
339 574
484 573
515 579
978 795
523 800
412 673
554 886
987 920
804 754
145 427
878 967
737 689
236 435
579 297
273 191
428 667
205 972
574 431
154 353
482 927
670 962
819 260
421 608
853 417
814 9
836 577
728 842
837 168
589 823
182 375
747 764
528 33
3 465
561 431
739 392
286 320
859 654
950 251
399 611
312 274
2 779
957 993
429 328
62 532
968 6
846 43
719 859
388 647
228 838
963 269
466 975
530 984
638 905
867 349
966 896
846 90
833 777
483 400
929 286
752 935
949 851
642 637
690 254
555 452
360 116
878 922
60 877
243 417
81 462
725 621
981 723
878 69
492 384
459 201
156 175
977 173
420 756
81 991
959 797
462 799
215 637
218 259
791 564
631 181
27 299
544 383
104 422
123 386
765 975
832 19
98 729
520 504
656 902
464 542
52 829
301 432
85 387
193 353
18 780
38 331
334 978
924 360
322 694
179 803
404 644
444 133
965 805
478 631
663 34
166 638
560 705
292 181
600 194
697 892
90 20
738 336
991 614
45 920
528 510
323 522
400 996
253 853
440 814
183 14
990 426
59 4
962 975
447 661
819 574
896 481
349 339
646 159
672 812
626 864
545 463
721 653
479 661
577 865
889 951
854 931
727 403
620 577
37 807
186 483
703 666
499 152
618 430
226 753
214 445
771 750
134 18
172 865
889 657
242 29
99 636
315 939
237 790
94 673
720 240
773 266
742 621
850 623
102 535
583 615
604 898
742 738
212 539
982 3
432 683
603 205
317 352
912 832
469 37
327 75
790 801
114 660
223 10
818 534
284 158
69 656
171 535
769 782
277 835
829 374
32 222
895 917
52 785
942 702
364 953
691 506
875 361
736 721
68 149
292 407
518 941
279 123
635 297
999 776
468 176
896 897
472 307
607 199
551 58
343 917
469 714
218 970
993 448
757 103
558 872
465 623
227 920
583 495
586 81
718 626
3 267
576 71
805 333
418 961
305 87
569 770
440 970
298 292
97 469
81 936
38 116
12 346
145 959
422 889
663 661
956 385
680 591
262 278
708 354
980 527
603 604
489 44
591 183
940 909
839 391
283 127
133 668
973 276
768 981
508 254
751 162
73 527
868 846
210 400
805 519
576 581
354 750
573 987
25 605
462 522
638 675
399 31
590 262
650 251
341 328
806 494
554 351
795 603
670 265
342 206
551 62
365 231
133 225
356 510
415 779
580 228
773 913
169 95
407 375
179 460
753 983
627 970
353 449
937 20
17 106
724 625
990 919
972 390
810 313
599 871
387 8
425 989
246 884
852 860
50 498
468 101
477 321
663 132
860 58
61 210
62 533
196 559
692 948
586 403
782 239
314 574
912 135
606 993
643 121
315 216
486 931
966 473
942 150
454 77
590 644
426 729
138 341
335 9
718 502
936 954
307 275
157 867
516 845
738 749
578 886
461 82
390 86
152 103
209 10
470 851
309 479
518 237
977 13
100 500
526 744
263 386
436 982
73 948
59 633
561 991
893 258
493 116
794 914
683 460
901 413
741 222
905 653
271 181
26 872
464 277
742 760
212 595
30 708
660 827
221 923
576 694
938 37
827 147
545 141
586 458
530 347
325 621
36 528
442 843
207 585
26 946
378 25
914 77
19 403
352 948
490 590
94 68
973 895
597 51
184 560
519 792
102 450
294 612
690 89
601 338
361 725
857 760
508 668
922 53
771 168
793 864
611 937
761 20
177 251
252 455
624 300
366 512
572 955
538 71
97 285
561 430
656 390
868 593
45 230
673 581
37 770
944 16
104 717
176 234
572 520
132 653
780 637
103 134
806 709
96 416
171 62
388 821
171 79
229 861
604 959
534 918
481 880
545 79
798 779
517 161
989 996
665 982
407 473
640 276
4 923
976 348
138 705
465 269
341 454
385 54
108 312
365 320
38 110
334 108
463 983
283 117
529 381
660 573
706 271
139 658
377 387
984 149
892 550
348 516
277 512
170 592
486 702
400 213
2 313
754 658
424 219
957 495
447 801
247 755
468 268
624 106
408 623
575 785
452 811
178 425
148 625
554 540
442 274
116 429
447 519
620 781
641 688
714 454
884 938
455 988
179 670
292 903
497 659
581 7
362 975
572 718
918 806
181 314
309 373
972 539
590 926
722 238
832 594
33 371
287 674
401 759
595 668
519 438
388 523
635 672
814 593
963 121
587 773
885 402
113 702
954 860
370 39
522 184
985 91
906 219
883 167
859 772
788 219
459 105
630 788
137 495
302 819
160 856
315 659
420 666
293 660
483 250
838 944
380 338
143 438
259 685
792 757
43 770
262 544
963 693
341 474
724 602
695 907
296 309
353 420
740 304
909 317
861 516
761 423
701 192
916 955
867 143
948 87
563 134
784 681
341 316
101 934
564 732
830 912
856 43
175 325
35 462
827 634
476 324
135 603
852 31
784 855
474 805
473 654
21 264
671 714
492 608
568 573
608 762
519 518
25 454
997 536
724 192
82 742
16 143
953 674
22 405
499 424
797 785
357 778
943 535
126 73
451 797
168 617
867 809
542 607
960 919
752 240
310 3
276 407
836 207
160 696
488 853
309 329
936 765
828 571
688 78
604 210
452 327
897 246
300 275
376 601
86 495
91 190
225 510
538 627
409 305
621 514
103 815
566 141
795 685
209 344
449 489
878 2
584 459
845 331
630 739
460 175
32 536
561 668
411 853
88 710
554 495
863 379
350 842
479 98
972 161
421 165
563 452
928 71
322 426
652 269
342 937
352 937
354 123
339 661
551 212
639 550
903 618
805 400
398 798
106 787
220 964
676 387
58 998
899 228
828 198
520 239
614 755
283 649
801 666
839 838
382 823
74 76
923 363
357 763
265 837
395 786
322 878
89 521
680 100
623 972
809 256
921 340
979 176
429 58
175 447
953 845
595 384
300 796
27 636
286 475
391 328
940 844
758 975
106 110
662 969
235 398
128 836
275 812
862 569
595 222
983 863
784 383
457 617
163 441
970 779
569 616
695 248
664 852
774 233
208 304
689 263
327 569
842 751
648 712
573 909
703 802
109 114
391 712
630 188
234 639
487 867
565 121
885 828
467 955
600 900
820 893
759 601
551 255
651 685
374 947
782 433
821 85
290 543
517 844
721 289
484 729
105 516
29 804
113 49
792 500
995 175
887 69
688 517
658 421
52 948
754 314
722 796
444 520
877 337
255 461
614 780
869 829
822 857
594 728
743 505
822 968
80 785
706 637
746 702
430 165
907 218
367 730
75 743
391 219
396 307
269 571
640 617
681 715
886 258
428 92
375 319
326 583
555 651
681 596
478 770
404 619
159 365
533 176
609 298
917 81
149 199
767 560
667 694
814 715
525 556
419 577
42 524
775 164
30 979
357 437
160 607
110 215
590 93
557 364
704 800
765 393
158 201
972 805
670 164
368 304
548 704
702 731
613 934
981 834
454 578
887 184
815 463
742 200
618 927
433 837
414 640
570 602
735 356
648 800
540 886
562 922
449 243
947 876
160 750
554 54
68 943
317 60
174 671
69 587
877 164
182 890
492 70
611 8
938 824
758 425
84 136
965 513
711 29
758 472
212 52
106 595
511 216
758 75
374 320
647 95
732 594
823 389
293 809
652 307
452 558
908 133
639 173
549 920
73 68
664 673
167 960
684 604
442 275
704 162
600 371
799 317
748 347
989 95
990 424
176 986
291 507
866 12
721 626
162 372
554 979
58 69
133 533
626 931
375 582
102 954
290 16
662 312
135 472
798 168
871 978
251 717
510 574
29 998
16 767
551 929
574 514
264 649
271 974
206 649
183 831
831 6
155 545
892 16
796 302
302 675
621 319
255 215
43 773
321 123
105 732
915 441
934 503
701 472
204 784
150 65
160 406
363 369
697 369
94 227
264 340
913 854
94 114
421 482
187 370
614 837
356 649
533 331
348 745
114 967
148 581
80 699
62 639
579 659
999 778
912 270
749 735
59 471
43 5
745 788
374 684
512 843
684 945
480 255
995 560
948 666
258 466
448 972
604 367
586 174
328 178
182 317
954 330
336 621
581 105
84 727
324 198
287 978
545 72
675 125
120 274
251 632
802 872
806 800
111 988
383 859
466 86
816 20
546 357
68 993
887 195
580 68
240 594
219 484
538 217
755 214
919 993
371 673
542 24
411 566
255 775
539 818
81 276
119 244
925 33
154 814
165 568
289 327
754 53
241 78
665 540
950 527
311 823
985 923
866 458
445 205
204 213
549 487
94 217
874 976
545 848
325 536
847 669
623 523
558 106
627 972
222 400
23 321
709 930
108 47
353 304
781 547
652 518
763 269
585 637
951 538
921 547
572 869
448 155
47 429
154 849
490 266
731 856
112 264
679 664
721 972
672 682
213 12
511 353
406 247
639 101
487 504
36 279
572 34
19 930
519 613
921 238
463 371
953 701
383 648
44 282
193 772
323 853
987 490
624 480
504 758
957 986
797 613
923 726
211 744
473 218
638 1
578 638
537 201
426 392
444 977
138 4
233 73
579 467
826 344
132 457
168 898
99 694
426 170
137 469
499 829
105 489
582 885
459 302
6 305
412 248
251 64
656 774
821 84
626 12
350 916
338 964
137 183
263 819
322 237
678 854
806 155
517 220
100 778
139 906
887 333
527 23
730 129
915 497
645 184
332 357
464 565
504 514
502 29
640 552
429 590
526 68
909 324
692 884
364 165
166 375
848 602
888 983
993 541
389 668
231 343
3 22
114 783
463 128
122 258
123 551
842 27
71 447
933 416
538 304
81 699
69 170
36 37
246 297
153 199
193 710
675 326
676 21
624 302
850 288
686 74
600 263
927 420
244 945
343 701
474 572
366 518
663 366
442 94
336 565
233 179
662 973
848 355
110 523
951 83
487 595
628 115
314 135
613 481
375 530
675 130
859 929
932 563
545 325
827 335
355 606
252 206
512 404
445 377
489 703
954 809
575 155
501 714
601 564
801 74
105 453
712 379
659 340
388 198
560 319
579 378
742 523
781 665
764 55
665 980
605 998
752 614
436 377
403 368
740 399
632 784
762 707
429 656
898 660
326 280
773 983
553 888
277 669
60 259
620 331
32 804
628 846
350 460
335 312
283 405
726 699
748 39
514 491
978 653
421 303
10 651
784 877
969 295
399 908
145 293
917 591
974 528
166 637
223 283
481 141
64 403
600 197
353 915
663 428
633 3
211 469
935 52
982 866
658 620
595 443
215 410
189 434
537 502
21 205
872 995
409 875
613 133
464 351
728 583
323 813
287 910
516 880
105 101
766 146
613 261
11 201
824 612
551 979
837 606
894 641
927 469
370 37
133 839
171 28
102 628
221 247
15 423
509 622
755 362
591 528
960 770
298 937
426 98
548 741
494 365
976 28
761 858
246 658
599 154
782 366
20 429
167 270
338 908
804 881
236 959
369 854
655 442
967 116
306 599
218 405
832 409
406 684
675 885
910 236
491 468
473 833
39 971
633 739
296 439
835 443
570 551
943 570
857 788
326 177
386 122
739 344
605 319
823 488
182 528
168 190
576 43
970 615
540 398
889 20
687 329
600 161
214 929
395 889
325 8
187 507
46 434
640 282
418 813
87 565
76 785
304 903
166 891
120 53
466 225
139 205
519 294
720 692
262 277
157 481
323 777
548 246
220 391
992 488
519 439
78 29
850 10
428 180
361 239
289 794
72 406
769 16
328 992
458 947
888 138
685 988
708 3
414 242
916 80
393 698
225 729
600 574
284 650
67 42
953 431
512 429
110 140
419 745
224 543
81 506
175 824
87 164
824 350
312 178
955 664
80 62
557 452
595 753
925 32
488 275
398 416
237 136
699 671
773 252
811 441
165 108
706 177
946 736
503 197
344 370
986 161
222 87
169 777
96 807
152 633
47 872
104 338
159 926
274 436
665 829
317 498
85 22
838 700
485 812
144 584
786 27
5 693
639 544
254 905
435 232
454 196
368 133
724 290
373 956
924 316
305 692
567 692
969 754
92 596
739 487
888 555
939 729
300 617
140 194
662 859
40 54
154 357
960 103
364 503
679 872
314 684
975 177
245 404
698 534
440 890
537 652
261 884
778 190
372 9
136 839
525 467
267 431
734 241
922 193
494 812
513 292
93 866
24 279
900 792
280 897
614 140
745 307
139 70
819 1000
576 886
137 617
124 271
125 34
492 875
536 353
992 355
992 556
925 596
9 423
210 480
877 600
626 984
685 849
725 996
906 14
484 22
893 174
713 536
56 885
811 135
519 206
298 990
320 698
998 619
394 461
413 447
578 313
709 641
629 698
195 763
787 479
844 212
226 671
298 240
317 308
262 607
891 147
180 252
271 295
455 74
717 819
611 304
485 767
308 344
934 60
117 712
510 794
161 522
311 568
113 273
494 758
23 356
321 844
433 394
269 228
844 664
630 137
813 802
482 185
246 134
268 476
507 726
606 166
115 713
757 826
178 49
417 879
257 902
527 673
326 776
787 742
489 541
684 634
748 643
573 378
662 904
500 90
215 497
978 125
764 686
232 615
451 263
16 856
861 464
590 790
591 251
774 425
465 487
11 95
241 71
418 55
591 360
152 215
478 915
712 15
380 901
966 900
935 335
338 987
580 14
327 543
369 365
441 104
432 933
203 994
720 264
481 772
855 250
552 773
203 883
223 380
886 724
833 472
426 30
502 813
985 261
345 230
167 357
501 491
670 324
854 33
624 594
750 246
165 260
147 777
501 412
230 874
655 417
550 185
772 387
31 764
606 352
199 954
346 538
990 963
701 148
795 211
908 978
766 874
929 553
662 545
535 301
231 378
88 252
490 304
300 561
852 6
84 104
286 740
714 227
823 391
23 579
352 288
460 923
249 920
166 96
382 220
534 201
572 116
574 125
571 927
408 481
242 302
926 551
999 87
50 874
514 189
606 847
165 523
421 913
427 604
10 460
391 57
103 243
90 702
141 530
935 956
242 597
315 483
428 66
836 839
219 857
789 575
993 868
405 222
506 785
712 988
306 693
200 176
988 953
646 851
337 9
357 70
654 914
453 691
241 501
206 789
445 739
166 640
263 438
410 870
366 95
777 994
342 452
289 200
109 327
419 861
150 991
797 400
180 406
591 640
356 375
982 7
565 101
825 200
790 842
388 74
605 969
911 958
199 120
660 766
735 346
464 623
550 165
255 673
973 546
669 745
874 781
66 862
30 829
554 187
313 751
459 724
444 71
246 95
982 707
565 473
984 112
951 560
933 5
524 550
924 328
455 598
459 531
192 182
546 989
374 674
156 529
231 239
838 29
508 848
109 719
917 900
738 129
116 285
83 76
11 731
585 818
676 223
563 209
851 83
176 873
358 65
823 862
89 972
310 484
222 528
724 818
49 78
270 918
89 893
166 971
962 862
470 617
822 498
660 393
699 101
93 654
495 14
25 150
499 203
488 856
819 828
953 498
517 657
883 113
385 366
631 371
449 595
836 89
381 356
777 909
890 782
941 642
281 534
363 898
822 143
328 735
386 127
167 126
198 848
271 44
328 558
55 901
186 596
100 50
570 830
904 358
872 186
891 246
982 35
711 419
749 236
911 109
933 997
971 318
25 566
427 448
601 781
138 565
142 85
314 736
969 478
455 502
636 376
422 197
229 709
857 36
474 880
392 560
952 848
554 12
711 86
903 768
705 25
335 322
976 339
981 188
567 695
490 761
986 738
655 797
810 436
593 972
597 908
926 818
808 173
148 726
364 688
779 540
549 250
201 68
202 279
480 157
923 285
429 44
790 170
322 924
755 602
149 861
79 28
612 832
25 80
93 127
11 933
567 961
625 831
564 914
581 988
434 304
290 231
951 254
855 972
99 845
318 553
301 933
802 138
551 517
733 930
826 4
594 488
78 233
119 519
854 606
323 2
414 239
98 688
169 680
42 678
738 971
243 347
523 189
895 724
983 47
894 734
551 875
949 460
629 659
760 734
579 98
216 636
132 346
426 59
155 747
962 153
692 306
173 125
420 733
989 924
313 363
167 320
501 534
981 796
599 353
621 261
490 793
532 266
424 679
668 346
799 992
34 453
485 766
574 924
757 630
102 70
473 73
229 761
716 253
739 36
961 226
999 622
634 197
28 334
484 674
790 446
205 886
611 207
494 977
196 468
706 713
232 940
800 398
371 991
367 358
933 430
628 522
351 601
581 380
708 687
567 953
532 940
239 536
479 386
563 782
177 255
875 992
738 312
941 245
724 251
783 898
399 761
440 902
263 30
909 1000
859 645
200 6
861 303
699 60
58 428
478 769
358 363
664 772
479 308
870 406
595 343
445 734
651 927
480 313
110 218
116 559
906 35
636 294
394 287
385 624
461 293
446 75
621 711
878 78
200 593
220 908
920 874
316 691
722 586
264 974
797 60
638 590
864 647
169 823
495 84
333 636
194 386
414 647
329 697
591 973
905 212
907 770
711 248
1 911
131 284
867 6
208 633
302 471
805 452
311 543
792 753
942 679
838 276
360 723
535 300
717 649
683 633
857 830
179 806
807 433
387 469
529 44
343 908
549 33
474 845
737 833
774 846
680 63
292 173
349 396
633 1
151 378
175 624
197 232
642 103
330 459
317 735
286 278
966 692
457 964
982 535
443 297
908 373
656 486
767 808
591 222
63 977
411 525
802 835
162 482
846 8
498 394
885 558
724 429
105 244
231 620
54 175
536 346
935 370
295 147
427 27
466 575
565 721
200 367
826 175
371 710
727 125
401 533
110 97
958 819
464 435
214 3
967 963
535 799
60 765
944 787
479 229
706 171
655 230
199 234
881 407
845 308
744 321
803 706
562 105
66 189
873 571
397 259
215 540
42 178
703 315
303 386
514 824
601 545
333 834
93 438
562 671
840 773
633 850
886 108
504 794
269 956
752 64
218 804
114 853
957 271
154 460
844 981
359 53
148 674
477 170
645 644
944 513
49 355
491 822
583 490
201 56
386 154
580 636
245 352
174 229
488 556
650 590
392 850
28 890
271 81
417 481
533 787
366 572
846 330
495 152
82 15
980 532
695 99
552 755
662 360
276 403
315 383
172 28
909 641
846 100
599 884
547 905
696 589
290 418
792 32
25 951
797 337
724 759
363 901
950 369
683 342
703 627
299 65
75 644
15 389
551 215
493 139
459 263
596 972
137 15
925 62
638 567
623 193
381 566
919 704
207 850
961 330
998 687
971 305
151 939
338 878
502 901
123 464
269 284
311 673
683 786
21 871
65 95
230 819
545 853
689 219
584 941
732 226
221 596
22 559
593 545
888 847
376 170
199 133
853 920
912 591
218 742
41 103
575 742
299 811
799 690
526 30
197 364
990 43
739 489
407 961
624 39
757 213
248 315
563 517
529 244
36 12
93 45
738 162
991 532
905 825
213 756
720 964
67 575
949 645
976 749
24 746
140 450
832 833
542 556
153 739
780 225
943 567
620 992
111 575
817 108
968 16
848 776
194 584
471 20
583 981
779 185
29 826
637 69
396 847
716 596
241 444
919 913
738 968
498 37
81 75
445 554
82 676
393 983
195 479
983 46
161 83
824 397
512 677
423 247
869 387
393 32
690 822
968 940
697 242
864 525
630 848
521 316
425 471
480 774
815 582
929 967
271 176
475 541
408 121
192 934
325 711
669 684
203 183
810 85
632 759
639 736
734 716
520 450
259 374
811 325
340 840
566 681
400 448
955 326
826 778
701 142
832 451
149 259
224 812
674 710
554 880
296 128
773 658
443 723
960 423
389 665
412 558
673 445
677 118
980 25
503 668
126 457
73 195
771 30
809 215
277 457
836 568
931 836
309 856
951 281
572 82
466 389
177 254
287 113
469 894
642 384
864 272
737 6
577 637
476 440
101 763
490 158
698 923
371 177
244 417
979 942
637 662
504 270
893 780
608 328
997 830
410 622
984 903
58 28
614 57
372 444
814 719
301 904
983 236
654 948
215 70
896 168
825 758
868 700
831 264
101 800
252 201
859 979
110 219
916 10
241 344
739 681
684 222
578 633
485 349
529 59
479 883
621 710
626 220
856 617
29 209
90 417
459 92
243 709
743 964
538 315
154 322
69 486
778 683
691 710
200 510
930 638
169 208
373 848
778 570
605 645
787 840
471 819
661 879
421 458
378 937
622 652
661 976
520 220
188 442
226 229
192 61
389 765
563 222
417 722
841 384
969 347
973 184
663 203
60 124
463 97
67 840
378 651
308 882
112 339
849 782
791 103
358 851
541 668
699 606
70 220
953 792
560 598
120 941
728 812
892 999
500 9
607 540
990 428
629 244
824 922
918 840
963 433
162 368
950 217
897 963
211 677
987 324
110 405
591 334
300 405
284 562
413 210
148 33
506 325
479 945
238 851
870 258
195 6
911 452
294 462
441 906
901 7
907 357
116 449
267 514
90 99
111 644
838 794
398 459
751 987
203 785
486 22
646 157
65 848
88 751
809 689
717 872
429 74
759 429
686 989
798 763
583 643
948 12
716 32
661 673
166 65
556 569
982 487
179 502
861 750
881 240
833 271
169 204
226 935
536 928
122 244
941 904
274 369
847 604
714 327
61 87
390 887
501 144
914 289
148 845
83 368
778 816
429 804
390 265
108 229
161 650
899 28
956 91
449 249
508 850
235 234
382 879
183 842
700 80
472 497
745 681
282 425
193 530
33 869
359 133
418 697
36 120
240 531
760 298
372 48
175 535
698 992
918 229
614 276
245 735
407 608
894 228
141 564
224 982
704 416
444 747
798 494
853 769
586 908
549 415
814 660
492 770
552 643
167 794
8 993
651 73
341 611
270 545
785 771
695 256
573 868
208 216
814 630
360 35
349 885
925 140
600 941
310 576
468 568
530 591
638 564
91 851
899 670
772 656
294 850
796 270
651 533
946 671
759 807
53 275
457 330
276 566
351 18
43 869
483 106
925 351
911 677
143 262
570 542
861 525
187 894
994 354
223 84
28 70
319 577
977 388
861 754
716 219
365 259
347 792
576 590
705 110
652 541
361 816
838 706
86 423
948 262
697 514
22 927
648 474
984 82
782 901
417 983
877 505
700 278
439 290
814 435
279 149
945 409
231 188
861 773
168 14
344 975
681 304
330 302
774 791
826 9
577 743
562 117
46 98
742 849
126 140
535 170
685 377
444 425
525 949
103 164
303 759
362 110
849 624
229 286
414 416
822 301
315 203
509 126
182 140
629 861
564 924
709 149
710 758
474 326
145 814
989 421
976 524
387 889
590 867
263 218
594 706
774 226
634 807
391 694
711 829
290 455
704 824
773 426
462 761
367 579
362 293
160 935
159 571
271 925
698 427
774 12
346 84
267 586
555 255
114 101
612 484
8 330
650 153
963 850
158 496
768 324
473 450
471 603
351 481
542 282
503 170
386 586
403 344
151 974
858 206
635 171
854 139
74 681
824 338
772 426
557 856
412 265
739 38
486 517
35 687
682 330
866 191
138 870
541 405
653 891
235 916
36 835
912 330
739 612
865 366
387 264
979 226
946 41
303 676
970 931
202 265
50 188
477 145
975 150
887 938
213 663
33 926
632 569
149 992
386 498
104 533
197 788
92 238
722 117
996 532
984 904
569 542
680 385
711 465
958 680
176 341
486 397
676 725
368 888
590 420
836 403
705 677
492 265
497 821
119 410
12 860
548 638
109 352
778 800
312 254
114 54
337 861
485 429
858 137
133 1
150 929
389 151
82 939
545 65
311 970
275 208
981 830
531 3
610 536
683 204
32 90
30 949
786 207
398 185
169 864
903 932
151 835
557 956
562 614
674 632
731 585
511 993
772 29
575 680
27 78
245 699
820 257
930 833
476 463
974 858
23 506
317 793
552 356
857 828
452 608
969 346
1 728
539 88
818 945
378 648
931 658
753 588
183 865
476 237
849 781
940 604
11 688
250 462
948 643
384 494
899 449
831 794
802 524
701 258
36 212
274 865
337 467
339 381
89 870
879 639
183 180
315 484
690 296
139 50
733 198
625 965
129 120
332 545
394 76
654 998
362 856
205 446
650 285
771 531
335 917
627 157
210 279
538 758
426 332
101 78
195 9
324 675
205 224
833 671
445 593
542 33
380 138
18 389
932 817
631 451
907 757
240 396
892 156
659 229
678 771
980 697
591 818
178 545
894 833
678 914
420 614
682 81
496 196
373 642
339 526
564 93
485 820
749 391
271 393
424 496
960 706
902 741
800 123
128 127
252 624
550 43
572 471
476 572
438 458
188 488
207 444
855 677
196 931
469 497
155 142
782 857
550 277
292 493
404 679
17 886
598 513
895 65
73 154
52 659
230 288
505 295
698 638
148 531
25 456
944 828
250 597
768 608
107 324
159 402
844 871
97 494
248 110
549 438
771 900
962 861
335 973
564 953
429 376
551 653
953 390
917 35
846 507
404 74
326 76
211 576
241 517
479 519
803 277
848 378
521 548
884 328
613 182
747 688
87 51
846 772
815 790
856 772
266 280
273 556
682 896
704 924
726 345
359 800
341 821
983 362
342 86
38 895
55 823
167 345
958 188
173 924
781 733
838 918
711 412
731 354
700 979
666 815
646 265
713 956
273 991
268 106
874 989
714 610
145 165
470 42
954 135
847 898
995 919
703 430
282 982
853 29
250 66
969 560
402 415
575 736
519 651
250 181
362 427
770 978
22 89
103 11
715 370
143 965
572 217
683 720
602 870
961 982
46 240
966 65
75 608
245 400
927 318
785 273
914 695
225 204
796 695
376 80
819 718
380 552
987 624
144 310
325 504
97 266
888 491
10 387
710 868
469 954
867 598
996 625
936 147
444 648
375 660
211 751
570 298
366 841
839 585
742 36
929 409
893 72
748 569
905 50
409 577
998 269
86 715
87 102
562 213
475 960
223 614
266 918
25 913
798 116
864 912
977 151
579 103
416 129
327 341
981 680
711 499
603 234
200 760
569 46
973 308
649 454
777 25
320 604
742 755
91 559
189 374
174 538
545 134
930 600
666 946
360 921
389 997
799 882
764 381
86 337
363 316
36 622
473 780
259 393
155 40
395 761
748 169
235 774
184 584
313 804
500 482
796 215
543 551
441 947
27 899
309 645
982 633
885 279
879 791
933 427
415 441
914 520
308 783
681 275
165 642
42 150
971 165
275 859
681 700
706 793
402 216
965 252
548 84
609 66
516 522
667 622
64 729
380 675
362 978
276 486
510 504
872 539
745 275
968 482
612 581
388 655
794 662
410 671
631 50
509 867
43 339
471 427
833 690
564 518
260 359
685 706
446 78
907 712
360 139
750 408
53 168
256 454
129 584
280 460
446 473
428 700
734 908
521 175
407 470
446 424
87 590
167 502
481 619
904 31
777 279
502 114
559 936
80 473
294 846
170 712
504 914
389 820
572 419
899 149
39 926
580 982
891 767
389 677
497 930
813 600
814 339
230 682
878 858
862 447
151 262
463 16
33 863
231 84
767 102
770 188
822 239
888 325
597 675
233 368
8 600
657 278
92 429
663 280
810 828
28 785
819 518
803 141
435 785
2 884
404 192
334 1
724 905
102 45
675 71
343 461
346 467
110 552
456 143
384 188
152 136
996 521
221 337
106 307
125 117
876 723
390 593
647 42
599 877
157 314
984 788
141 833
570 85
256 21
457 445
233 806
119 456
198 816
695 431
357 689
539 959
242 21
464 39
727 126
723 950
226 609
356 236
91 841
347 483
481 917
613 964
285 809
214 113
74 149
517 142
722 700
317 376
730 211
513 639
484 563
8 97
769 728
43 120
222 446
389 573
652 316
809 994
424 384
444 67
673 129
653 817
451 873
326 27
93 292
614 718
316 5
652 495
822 795
348 662
922 933
425 651
465 982
338 348
174 14
358 254
585 778
386 230
609 168
261 795
733 386
747 230
641 661
514 157
923 595
965 180
987 388
331 908
907 544
983 944
625 992
607 784
132 814
741 750
542 977
216 983
743 233
419 398
668 799
889 708
765 105
436 9
586 620
369 344
21 319
815 841
966 851
309 116
55 528
167 122
926 636
423 204
29 117
980 971
380 175
454 738
556 874
345 177
682 784
482 362
63 694
894 787
802 595
540 773
265 289
572 550
859 473
199 88
960 688
501 336
339 557
856 321
907 847
160 456
473 823
632 745
553 601
100 626
857 89
14 390
198 163
245 431
787 898
240 117
601 92
71 320
555 844
207 256
136 671
784 795
142 405
92 704
204 758
706 528
839 972
279 373
619 110
924 49
896 643
879 976
898 903
865 34
275 613
25 427
335 130
706 818
589 960
876 486
702 970
220 497
850 88
262 234
505 909
345 672
668 972
910 817
158 58
675 236
785 860
898 405
836 441
582 589
875 511
551 918
219 425
882 299
920 116
461 172
493 705
402 794
828 820
212 901
48 750
855 237
858 179
109 267
381 950
769 563
420 729
242 319
895 742
74 580
21 791
868 174
293 223
971 175
493 799
21 888
601 158
29 413
655 505
307 103
952 880
203 406
442 706
424 457
321 839
916 890
701 252
814 453
192 980
780 953
487 167
205 882
114 777
614 662
889 501
357 695
875 198
383 775
309 820
71 437
398 543
993 407
387 266
381 364
871 402
249 903
871 256
400 911
628 645
355 586
939 998
527 759
362 49
988 285
774 640
81 607
626 982
856 973
93 976
7 384
821 361
180 980
533 840
715 861
867 870
867 723
621 895
555 529
99 877
315 696
244 322
228 847
870 394
393 790
675 136
479 606
116 900
945 690
603 442
971 702
721 971
854 745
141 135
350 600
425 423
389 4
636 401
905 765
210 629
795 618
850 531
501 581
764 77
857 469
806 302
138 614
958 888
364 850
492 159
790 786
539 542
173 884
501 359
726 96
782 182
285 614
23 278
255 793
479 304
687 895
815 298
795 755
636 853
395 663
565 351
605 642
142 128
829 474
368 627
924 498
475 649
395 740
325 875
37 39
863 239
588 493
598 392
50 434
199 727
883 830
370 983
983 442
410 26
782 754
952 729
832 127
540 416
926 921
504 224
433 228
828 491
761 56
616 853
410 316
638 278
822 713
93 899
480 456
903 264
510 244
628 447
334 6
372 253
889 973
764 719
505 980
16 953
401 973
328 123
444 689
175 963
270 729
954 2
862 907
281 468
453 702
519 596
900 310
367 152
902 125
427 31
307 709
569 282
509 759
994 793
613 225
116 527
856 810
52 311
569 395
146 716
789 662
518 60
285 183
413 354
755 481
114 427
82 909
268 974
217 914
215 683
734 617
511 720
646 291
333 540
686 992
375 417
394 736
824 21
878 328
368 433
593 680
26 731
27 270
815 345
853 150
985 6
415 943
108 435
697 378
114 540
78 899
518 267
722 649
340 577
523 867
689 250
844 733
682 256
611 186
494 802
98 475
544 225
598 404
625 458
388 488
424 191
575 940
619 244
984 407
92 364
273 462
258 58
244 855
151 293
524 769
727 778
728 924
571 486
257 882
693 775
239 461
204 859
781 394
961 667
33 580
824 953
732 194
319 81
814 808
598 963
103 355
732 113
733 808
970 554
58 96
138 408
195 298
456 173
898 398
16 579
825 819
309 450
198 377
509 667
916 461
518 137
667 729
573 978
133 933
9 367
214 176
967 530
234 658
952 281
132 355
759 364
946 779
43 466
838 773
608 26
180 119
420 678
55 817
242 280
609 311
482 363
263 708
968 658
791 811
613 840
306 796
530 364
325 624
252 688
345 82
678 956
130 638
900 142
114 689
558 376
830 203
378 10
188 287
80 624
541 285
191 731
388 577
93 406
238 737
41 107
593 950
705 28
754 536
474 852
446 978
654 215
566 995
866 190
499 592
27 953
377 44
840 692
197 505
516 355
274 626
921 469
313 1000
481 94
227 558
746 578
563 904
286 545
123 897
143 884
102 313
868 683
912 15
109 921
51 876
715 594
849 740
387 719
580 604
289 935
42 879
821 646
386 493
357 854
675 433
822 288
741 688
488 810
175 778
788 359
770 310
584 196
766 172
90 917
769 118
627 4
154 642
358 674
821 266
270 512
492 752
238 500
494 98
885 659
357 490
195 451
677 843
473 293
237 836
608 312
954 796
792 175
42 306
722 464
63 88
526 608
393 36
581 539
86 939
392 349
949 103
960 832
730 118
535 835
461 279
298 250
790 302
602 44
621 256
364 879
222 341
446 285
85 67
857 154
105 669
243 473
188 332
904 101
652 707
639 637
472 39
806 124
311 566
517 487
832 455
958 267
173 561
320 235
658 191
736 803
143 517
250 215
72 683
235 905
531 420
724 435
102 507
430 66
478 275
771 2
404 601
972 898
887 566
525 15
789 724
452 813
827 811
282 492
525 96
286 428
822 738
749 962
296 704
371 260
98 596
376 110
824 212
421 840
398 427
64 731
931 55
309 759
402 357
154 144
910 867
514 215
870 395
48 478
926 393
927 848
583 759
495 434
775 156
816 979
779 706
57 465
366 69
539 981
133 876
850 750
445 586
764 872
565 873
267 538
803 700
590 212
766 374
760 767
683 165
77 784
117 995
647 644
247 96
104 242
947 598
621 339
587 719
971 364
60 581
887 176
462 869
946 674
907 936
912 862
791 513
622 967
548 942
114 358
652 784
246 427
229 695
527 112
515 536
200 899
184 135
691 379
951 949
734 319
535 698
536 588
187 552
647 840
83 747
924 499
545 898
657 200
315 473
273 199
41 163
335 257
696 385
291 935
697 936
313 951
5 937
467 102
563 559
966 124
849 770
814 192
983 731
88 480
586 35
951 377
241 978
650 964
499 294
97 455
741 534
282 371
896 507
344 680
991 782
225 379
319 465
448 646
401 972
149 114
461 896
758 702
872 633
745 269
765 210
513 151
362 839
399 510
257 465
642 467
668 821
695 68
870 439
842 732
703 797
798 35
765 52
589 230
756 681
439 946
360 90
476 585
433 959
341 798
267 663
386 843
190 109
859 20
468 663
855 773
177 870
329 719
541 22
82 797
269 249
646 435
852 620
100 969
888 926
133 405
706 505
744 700
541 466
784 531
982 362
273 18
420 839
147 521
187 564
818 878
714 815
680 851
183 672
316 7
448 183
340 397
126 442
843 286
573 105
829 223
300 531
905 695
235 238
73 159
261 904
687 342
838 166
362 231
628 766
701 886
196 932
810 798
371 252
796 733
986 291
50 923
438 82
276 297
520 647
859 704
396 578
56 659
326 647
239 162
99 855
408 16
651 968
716 990
833 862
72 492
3 862
461 134
318 273
232 210
180 338
551 893
418 347
521 442
704 864
389 458
601 708
1 517
215 872
808 938
769 676
458 751
403 98
359 861
566 309
159 865
164 861
612 83
212 577
599 183
821 233
329 747
493 936
166 22
8 432
857 189
77 570
632 847
601 128
269 360
587 501
255 323
455 381
520 442
667 317
687 822
339 668
140 411
14 388
587 66
683 567
151 245
436 121
197 343
566 992
805 104
163 643
477 999
832 154
871 283
168 129
865 326
974 544
666 273
481 93
265 844
32 577
2 105
974 595
603 871
896 645
992 82
610 357
993 107
983 624
175 567
309 609
979 921
68 152
15 947
444 651
11 40
91 933
417 369
660 427
662 265
447 437
505 892
974 962
674 88
389 268
690 977
732 372
698 447
868 788
523 179
686 605
358 562
677 842
640 351
473 292
661 289
380 352
816 790
319 941
600 909
238 215
445 775
484 883
765 734
214 76
825 153
809 636
593 273
459 183
907 911
167 463
412 406
514 842
417 458
539 421
98 207
117 721
512 880
148 579
491 260
682 423
557 997
869 979
252 682
139 916
244 635
815 118
533 791
911 515
413 963
774 981
95 428
903 755
83 300
244 793
72 906
879 897
693 758
330 334
763 764
710 933
32 732
658 512
680 216
274 889
371 263
265 671
465 318
305 149
54 776
92 123
510 222
849 592
9 62
451 268
724 963
508 491
456 150
148 308
188 565
730 612
475 3
884 237
483 524
652 747
197 562
91 467
592 540
65 700
105 147
924 618
462 729
301 677
434 244
786 519
830 324
722 437
885 999
556 812
579 213
679 54
863 277
789 594
904 292
354 359
463 699
301 927
109 15
972 147
541 162
778 596
677 418
577 246
304 894
412 361
71 228
800 194
801 639
844 699
131 32
848 612
191 812
330 128
295 918
4 449
649 524
192 161
230 681
620 97
199 614
766 888
664 682
292 171
629 78
213 830
746 810
173 426
883 463
153 84
63 761
34 465
61 370
348 241
96 26
650 551
297 789
181 415
510 325
738 568
617 825
491 11
722 318
513 150
589 248
842 586
383 942
684 409
868 718
64 966
711 880
974 740
717 479
148 46
186 345
686 554
471 346
357 464
858 343
931 385
492 569
388 908
617 228
781 979
484 981
877 738
986 435
908 865
113 773
955 628
5 133
431 671
985 635
366 320
77 819
995 304
616 59
445 847
178 586
401 297
590 467
77 644
578 491
407 503
63 369
963 703
748 959
307 131
520 304
648 197
379 251
874 997
809 854
645 248
957 182
722 989
52 740
40 804
493 630
477 785
732 745
658 132
877 272
36 816
952 921
628 938
151 65
887 731
69 328
252 850
805 196
623 845
883 796
830 617
474 811
805 853
311 140
684 938
477 164
206 482
351 671
396 398
395 597
455 877
383 671
813 492
45 2
690 377
405 393
361 437
289 560
197 839
516 717
222 682
206 47
211 727
283 802
729 790
859 707
822 501
897 34
366 945
64 947
395 317
859 880
897 83
989 461
257 316
759 987
724 654
971 747
807 321
60 970
223 526
247 81
722 347
615 484
138 248
746 341
233 830
405 590
341 832
803 631
200 512
509 522
725 554
561 569
284 416
627 687
542 291
981 769
32 440
937 491
8 433
839 500
215 619
643 537
882 857
792 529
943 298
428 933
820 423
541 344
477 708
213 186
855 767
839 26
273 253
386 820
593 948
649 874
828 216
762 84
178 996
476 290
277 447
353 41
634 394
338 319
69 189
292 156
685 483
154 93
463 469
546 875
36 364
951 416
426 829
742 367
317 656
486 41
510 163
811 674
614 309
978 895
505 545
351 131
213 18
137 512
267 133
16 899
56 688
405 896
281 402
30 119
831 44
73 976
534 679
829 813
958 915
17 997
789 859
46 246
685 730
962 353
411 749
854 307
944 71
23 975
935 22
958 205
71 223
9 26
191 230
543 605
51 435
626 5
147 900
12 431
773 216
965 479
925 397
711 380
142 905
308 433
294 68
422 137
152 605
65 140
854 140
216 272
381 822
94 273
442 862
728 363
127 427
570 686
847 610
995 951
744 757
535 257
294 689
79 645
316 89
745 953
326 102
376 291
620 126
852 75
405 270
353 53
305 938
862 342
774 756
615 906
433 78
179 542
555 999
457 499
903 289
686 83
735 992
407 566
400 672
935 912
451 271
555 645
99 769
280 997
731 200
358 354
543 177
78 93
851 479
391 768
855 319
395 325
185 153
924 756
617 126
889 641
417 126
493 299
59 545
746 429
548 635
734 854
904 455
372 719
458 548
756 629
65 846
726 133
678 792
208 850
398 19
679 134
369 161
248 846
339 633
14 35
640 670
551 328
277 819
4 29
667 375
777 283
216 155
605 671
53 616
458 248
27 69
680 889
365 599
38 327
424 55
425 770
65 315
321 721
710 341
622 513
1 950
257 585
353 224
390 943
965 809
822 930
897 537
53 969
121 237
747 97
857 545
953 802
495 943
558 203
149 969
819 669
400 893
864 306
79 221
82 147
376 140
980 715
159 21
749 821
71 841
241 818
77 824
375 683
836 847
831 777
572 705
996 565
941 500
752 189
441 178
884 194
388 623
669 490
547 914
306 828
950 509
50 794
524 956
272 771
539 947
721 52
774 62
722 263
651 769
770 35
539 800
59 683
722 406
617 372
674 213
12 972
761 865
638 621
198 526
34 743
882 931
95 914
250 648
226 863
173 964
764 451
325 665
531 34
542 365
168 438
761 579
943 273
48 870
255 681
111 713
297 9
469 47
145 77
734 281
978 983
316 146
923 122
744 717
598 312
32 857
677 167
165 915
94 11
296 94
529 931
500 294
943 228
710 177
672 161
495 749
494 912
558 773
260 584
242 475
346 647
199 581
934 568
41 959
733 402
337 262
462 184
684 713
153 55
335 859
249 670
36 324
845 986
404 224
400 505
411 65
466 873
125 420
351 241
419 293
993 920
136 510
11 159
379 569
182 908
155 840
392 518
724 655
928 712
773 432
845 840
376 612
565 830
986 944
755 160
167 118
668 569
741 93
962 282
267 548
587 939
842 976
303 25
646 224
939 118
704 913
778 440
265 75
659 151
308 47
555 38
818 700
276 589
632 627
134 423
63 263
636 75
288 19
161 283
694 623
532 382
576 678
122 816
292 656
824 52
39 751
205 433
99 64
551 520
433 532
730 290
252 546
991 89
188 282
969 571
326 488
878 581
104 796
117 285
745 988
736 649
588 874
791 967
176 592
653 930
808 149
253 421
518 788
715 454
122 384
280 637
815 914
120 892
340 641
275 834
662 946
352 95
7 267
779 754
591 94
376 85
379 886
395 237
306 384
418 838
121 391
806 920
533 816
689 381
185 930
167 726
171 659
526 66
906 834
429 343
710 744
824 711
646 640
404 107
833 911
889 635
746 148
941 745
841 760
992 841
456 465
834 531
716 595
699 871
392 433
750 278
121 115
321 366
986 104
473 347
128 266
973 350
564 333
892 82
512 160
252 497
570 986
95 837
441 678
98 421
800 875
714 673
750 227
4 939
646 494
887 94
1000 354
586 456
360 961
615 927
53 482
769 977
221 512
421 78
830 328
541 333
355 198
481 797
85 49
353 64
970 489
652 235
999 614
786 391
36 762
532 743
490 398
991 450
390 817
597 967
766 966
804 743
472 328
718 660
911 883
406 62
619 128
999 213
212 249
106 772
966 422
128 622
861 148
365 805
439 34
421 531
406 169
178 326
965 86
70 378
241 900
112 524
422 458
910 659
504 422
515 93
913 596
456 9
940 811
941 126
653 394
50 929
470 574
436 634
555 644
632 17
297 840
559 544
704 130
50 560
694 201
842 596
625 940
534 358
383 948
167 843
522 342
558 360
546 304
530 973
432 880
824 594
271 729
849 129
725 798
163 80
285 397
698 486
475 803
868 778
449 652
911 25
915 859
830 330
189 578
320 671
212 933
29 354
13 660
704 220
983 440
697 23
346 943
510 890
60 721
985 340
704 985
747 925
458 436
510 965
403 269
77 670
597 423
527 460
414 655
381 872
188 898
702 98
100 976
943 380
920 447
456 828
697 354
200 902
44 995
450 722
605 670
644 78
791 809
208 512
34 504
268 362
624 952
19 552
574 282
444 43
118 950
445 350
835 842
588 690
205 786
297 351
407 320
47 367
582 35
767 109
805 768
40 390
738 357
776 538
12 212
969 15
491 959
935 806
718 402
981 86
192 496
874 112
270 899
514 37
812 926
48 159
447 745
174 435
286 169
950 208
81 846
438 484
228 920
888 797
712 965
819 811
349 584
189 787
154 598
466 932
251 710
177 735
64 601
72 499
123 334
698 506
794 905
534 399
391 517
587 910
380 465
635 922
215 822
863 762
574 875
276 938
812 676
939 408
217 918
720 11
190 995
640 716
991 215
136 59
374 255
377 329
786 45
736 896
825 433
330 881
222 419
403 519
939 457
905 329
619 573
984 206
770 601
992 745
448 27
235 965
222 221
204 632
423 36
549 124
444 190
729 344
785 158
698 649
264 506
253 575
336 826
706 952
451 539
303 602
456 355
205 536
6 587
987 618
605 215
771 893
974 788
340 588
658 729
571 216
419 343
239 318
656 314
489 31
825 597
479 764
334 145
379 568
767 581
195 482
826 105
111 993
385 357
538 677
480 677
281 436
19 663
284 621
915 949
169 699
263 397
530 676
204 363
849 90
68 857
579 113
686 695
796 933
894 570
960 888
775 391
816 764
963 895
830 493
993 4
844 57
670 81
756 989
181 65
285 953
514 869
566 554
645 73
133 357
265 693
749 5
769 869
847 904
183 528
682 337
421 395
170 653
161 474
362 405
588 875
40 145
601 526
847 686
79 848
198 70
678 380
900 718
818 115
864 519
895 99
93 37
40 463
978 365
718 603
929 58
794 107
813 445
582 924
709 124
231 1000
470 672
383 701
811 676
832 857
392 886
476 38
642 214
291 444
862 549
205 286
187 255
464 330
432 198
572 650
78 71
150 592
813 240
183 408
564 697
17 842
785 992
254 535
368 930
720 407
424 852
167 373
727 76
949 242
128 412
238 107
8 738
542 99
399 70
807 69
269 736
385 668
170 154
6 300
213 280
927 700
90 469
327 480
644 422
498 910
872 159
946 698
489 849
146 50
277 940
179 390
736 985
359 1000
790 762
919 450
811 472
942 545
662 50
339 716
13 819
655 452
126 644
844 259
22 963
902 679
652 590
395 767
277 767
279 65
148 345
782 872
841 492
566 963
571 727
623 790
763 105
114 770
888 593
26 160
192 88
329 624
144 219
951 736
734 240
516 323
956 26
371 490
840 356
559 495
314 854
979 88
267 372
75 659
295 674
98 592
689 147
248 61
637 573
193 844
675 448
72 875
496 4
938 935
921 64
831 717
923 542
729 803
849 486
723 445
48 67
57 527
985 806
358 352
182 18
262 90
175 923
380 927
716 993
509 893
977 686
650 499
618 463
621 924
512 496
636 774
125 845
147 343
642 857
877 707
290 341
241 289
812 306
483 380
393 68
655 868
158 324
55 964
313 285
578 275
885 917
959 178
910 338
747 924
910 801
803 926
358 290
430 908
332 478
995 358
282 711
431 232
36 78
895 641
380 434
398 17
97 716
578 53
799 975
17 259
813 799
677 304
491 485
330 941
701 170
938 812
574 344
909 413
14 323
363 175
459 656
559 173
729 210
605 447
143 906
576 978
757 228
248 268
448 222
505 419
469 568
145 274
58 533
535 5
477 93
575 772
230 319
468 384
608 747
501 95
367 154
974 910
617 627
541 773
68 317
213 226
737 58
79 223
444 616
598 841
118 898
629 360
326 524
568 677
695 785
478 859
272 456
13 46
595 162
245 997
301 851
971 883
637 845
275 712
827 503
246 813
232 363
674 414
713 508
394 375
807 350
555 385
239 104
116 997
464 142
379 381
640 129
768 118
487 846
224 526
371 721
651 771
756 548
977 209
778 386
998 553
255 996
551 187
981 523
220 873
756 587
942 780
861 864
434 479
548 895
739 824
256 337
834 28
895 677
803 779
950 942
22 681
540 942
298 321
635 104
191 542
507 989
805 286
173 740
134 874
585 764
276 825
957 36
540 76
411 128
486 708
986 532
535 331
520 224
424 21
992 843
620 49
13 93
507 680
828 166
465 968
446 789
70 161
524 830
432 181
658 564
573 327
888 359
118 556
853 567
418 800
331 821
850 223
831 316
600 458
283 950
747 365
555 702
31 461
968 509
881 780
128 228
348 327
774 367
872 827
927 135
675 246
767 580
441 204
828 968
579 338
547 325
55 207
276 250
354 742
360 43
822 133
418 343
621 757
200 706
298 970
369 444
545 401
473 494
200 658
864 745
4 802
636 69
968 663
68 362
75 511
226 865
902 926
363 440
273 976
626 510
330 771
222 269
746 943
523 676
469 188
677 359
165 83
458 175
921 781
350 81
118 221
468 4
624 882
127 257
364 181
330 997
277 730
903 890
61 115
666 405
799 677
395 547
400 251
199 773
957 441
600 106
659 787
641 952
793 741
77 31
943 875
767 87
895 98
295 808
576 2
505 961
465 581
157 775
230 455
126 180
645 814
408 291
12 157
286 452
604 327
126 7
370 589
25 94
707 598
154 890
766 503
104 584
928 891
504 362
270 747
475 59
404 117
578 840
887 478
910 827
739 965
956 643
552 615
684 92
548 499
950 443
650 431
1000 168
46 768
358 566
414 868
623 14
977 136
301 718
808 906
988 520
578 230
78 512
264 988
411 671
213 295
352 593
476 959
507 585
976 479
122 26
957 12
855 969
646 492
475 125
302 598
381 819
967 472
277 796
958 445
869 590
981 4
564 28
583 976
964 854
18 904
187 515
51 65
147 559
855 668
143 512
607 111
558 609
684 100
852 134
654 180
107 185
680 815
917 974
790 436
980 34
675 532
944 249
143 806
370 828
409 200
687 165
121 214
254 410
715 740
420 456
504 57
693 969
947 505
396 337
390 188
404 836
690 429
528 16
983 528
718 295
896 333
633 333
201 495
780 190
174 405
652 490
181 391
309 754
291 347
902 361
291 296
80 649
149 202
978 146
708 63
855 312
58 148
544 851
944 157
8 561
878 906
368 975
898 738
806 582
944 799
367 864
226 596
426 114
100 109
947 556
638 741
734 996
81 384
739 910
43 903
669 71
319 850
303 441
648 862
561 727
928 190
94 353
938 11
8 76
482 415
13 965
450 673
236 146
570 734
593 727
387 144
619 595
411 54
639 540
565 345
753 905
847 579
502 228
527 797
360 733
844 211
827 767
113 443
791 920
705 223
10 959
620 462
801 748
307 359
491 2
218 854
662 687
149 584
995 690
942 399
93 251
844 917
573 177
187 378
942 510
193 525
582 33
325 24
353 913
845 734
992 779
98 642
742 347
413 370
272 299
741 529
962 990
779 316
282 380
257 10
84 567
712 888
50 579
617 301
945 136
15 612
479 555
81 232
299 177
172 193
732 393
553 565
335 644
19 483
272 774
994 787
363 800
630 870
602 201
764 248
803 556
185 261
848 67
112 594
997 366
569 818
209 547
621 306
269 413
967 842
306 440
290 600
494 488
780 222
913 394
731 655
734 738
807 882
545 839
86 289
736 898
56 372
240 241
882 640
5 325
823 867
960 329
248 587
9 531
268 264
255 392
611 160
313 869
408 699
779 924
248 442
924 323
321 690
50 80
378 837
970 1
189 146
745 775
317 934
28 575
502 482
50 35
412 926
896 783
357 602
84 774
733 495
382 231
420 256
538 239
978 278
659 913
791 352
443 222
887 795
619 306
16 780
269 630
664 936
685 46
945 279
180 910
520 488
507 162
382 336
885 615
903 8
465 36
104 740
160 694
323 898
31 349
128 531
771 682
242 846
775 82
872 745
86 679
664 245
168 772
138 228
72 352
402 817
55 617
850 691
155 619
12 796
741 171
414 555
717 178
380 388
293 267
229 482
673 421
529 292
824 55
56 417
8 4
484 54
355 175
636 804
85 26
605 721
587 488
64 973
256 850
810 153
792 644
282 990
67 446
969 568
910 998
496 454
467 199
421 282
139 601
808 152
867 439
579 300
361 746
895 109
932 249
240 729
314 688
73 15
590 612
79 225
118 521
374 935
515 305
534 127
955 22
229 158
633 176
965 145
789 163
405 170
358 378
20 983
556 257
522 433
933 486
93 536
209 123
797 262
507 378
732 369
458 810
945 536
379 292
17 985
787 599
39 72
349 848
298 962
946 854
282 40
142 883
290 702
109 945
868 119
171 225
690 434
989 913
332 436
211 278
998 833
565 162
894 822
535 974
352 869
593 345
367 658
672 168
321 62
201 952
877 33
515 546
933 799
146 67
576 564
424 289
64 395
759 178
544 65
363 359
496 482
114 945
355 425
236 476
37 157
957 476
724 441
908 768
895 176
474 892
736 519
199 633
81 694
226 313
355 892
339 10
620 137
253 976
642 487
843 426
645 752
336 772
61 489
194 34
121 326
908 102
766 310
692 701
876 434
92 449
510 112
148 467
611 551
779 275
712 718
414 378
845 526
846 281
550 741
789 199
3 622
953 454
901 558
629 937
889 532
780 925
327 898
128 92
721 947
78 208
650 497
559 771
138 45
355 973
17 820
107 339
698 485
325 424
367 242
578 591
445 580
997 151
621 555
548 615
860 433
609 631
243 433
155 360
108 529
146 370
40 753
668 403
962 240
692 281
323 406
199 251
755 443
584 538
812 594
148 412
847 812
276 759
812 993
302 627
821 861
398 134
701 311
942 579
264 166
925 655
527 239
86 373
325 963
421 843
339 859
502 229
515 828
862 133
423 603
592 409
136 107
709 708
269 278
88 200
696 391
588 685
444 149
520 657
247 704
484 603
178 457
788 882
326 209
329 115
239 720
615 853
463 24
456 330
884 778
461 711
687 297
818 136
747 242
775 934
804 75
495 792
371 230
408 284
83 154
581 103
728 677
810 951
577 960
219 859
751 440
73 289
914 921
37 838
426 531
711 190
159 311
788 293
37 983
890 911
160 538
215 124
419 619
189 641
119 448
713 627
791 742
57 503
185 42
439 741
632 381
74 850
642 704
226 633
850 607
104 69
583 599
893 475
551 181
612 421
317 287
100 145
278 432
801 210
289 294
19 141
38 219
389 771
1000 302
38 282
929 886
472 199
277 690
772 452
539 499
902 579
763 17
514 783
203 454
813 769
540 991
429 632
140 493
914 132
97 968
278 359
283 479
456 569
631 828
304 637
800 338
183 815
184 759
539 63
334 818
879 855
571 398
899 407
278 48
192 305
448 939
286 607
490 58
932 85
894 354
183 973
184 981
24 618
707 751
652 84
121 382
304 298
286 494
289 602
269 740
438 165
167 601
295 612
611 639
337 310
616 967
107 191
513 299
729 793
915 728
715 794
42 916
243 45
428 169
106 287
469 615
733 850
264 629
580 59
882 362
634 68
699 928
926 90
927 935
534 527
579 114
742 994
263 543
380 167
458 745
207 950
91 941
61 717
78 597
467 650
88 725
431 303
952 126
492 335
238 799
187 795
223 201
324 844
398 207
754 283
347 741
222 499
539 479
817 965
639 582
715 190
4 209
123 899
482 55
573 162
909 338
719 296
74 413
165 34
540 82
210 589
799 865
876 26
783 510
61 226
265 997
71 457
164 253
4 390
978 729
248 326
361 745
399 971
308 796
177 783
376 490
275 838
176 911
573 361
188 295
159 88
396 318
624 399
914 831
2 901
421 861
6 965
832 860
504 509
625 811
976 631
684 312
991 844
44 159
632 481
943 681
988 966
718 235
452 283
94 956
93 535
629 581
944 243
413 144
270 523
971 650
215 462
998 405
399 210
207 997
254 48
945 616
172 56
238 217
186 636
351 346
87 460
806 314
604 766
702 251
423 974
561 681
123 24
150 351
735 369
539 522
721 419
761 654
868 342
891 31
806 228
352 981
350 160
939 389
522 679
943 469
531 207
878 762
644 86
220 58
613 631
687 976
397 34
184 593
576 979
905 535
672 486
675 905
359 400
288 511
680 785
643 167
934 922
828 249
222 152
995 664
944 998
139 580
645 622
81 693
814 175
514 315
365 801
353 953
743 204
432 296
587 296
249 411
991 898
673 973
906 512
724 783
447 608
528 18
16 198
645 307
175 873
180 988
384 169
831 607
617 839
444 677
297 42
103 416
305 361
408 570
544 614
10 142
85 714
160 767
231 636
508 199
57 361
497 850
333 44
155 820
188 370
121 882
24 392
495 296
523 213
337 826
122 688
916 896
731 22
381 401
842 901
38 978
630 792
617 131
247 456
379 176
109 487
683 24
579 219
982 244
4 996
778 719
891 74
303 296
14 181
401 208
330 758
283 212
673 364
69 683
382 674
892 455
783 272
808 420
899 783
190 692
943 94
229 571
986 575
218 677
184 621
924 377
410 717
857 778
913 1000
587 145
937 989
828 157
79 789
410 98
446 892
164 571
970 122
647 74
434 815
20 596
934 608
222 918
818 137
893 707
965 54
788 593
534 181
221 198
280 808
663 640
310 775
671 117
626 672
823 94
241 646
994 194
267 192
548 343
897 73
646 844
974 73
81 238
924 678
894 288
362 721
823 892
229 143
587 821
698 395
950 353
953 44
333 306
551 180
420 650
863 742
759 305
172 519
989 755
322 180
89 167
507 240
865 774
132 149
649 5
725 370
949 378
74 129
860 811
476 784
826 759
77 527
886 815
299 541
374 243
35 819
47 577
116 260
321 918
736 463
183 520
616 509
815 762
528 527
69 417
786 459
325 53
347 983
520 227
903 672
559 66
620 44
676 494
342 750
952 526
737 776
341 783
701 941
836 724
856 170
140 163
141 246
254 321
515 57
500 193
605 162
382 229
384 452
420 258
331 857
760 309
499 267
281 124
619 10
184 816
713 65
879 564
352 39
760 164
79 188
10 405
508 442
760 19
119 784
818 399
240 525
452 145
733 800
510 363
77 316
133 634
210 351
29 697
710 528
180 571
45 431
983 169
821 318
16 699
765 465
472 616
324 649
242 147
96 632
924 936
418 453
441 796
522 991
171 135
869 484
708 934
527 354
731 463
492 313
130 852
730 231
423 805
62 127
392 71
29 366
696 917
270 104
40 601
60 516
847 11
193 855
213 98
86 208
238 911
830 243
354 152
411 67
877 204
592 324
8 149
96 987
528 988
529 309
506 190
969 574
143 553
847 517
939 582
335 337
597 46
781 472
933 44
573 21
187 710
170 536
634 37
836 697
109 533
593 840
26 251
627 607
601 325
50 197
608 551
81 729
776 583
174 162
448 551
323 693
987 586
913 611
254 95
756 133
941 21
870 133
603 538
162 348
571 23
71 780
332 524
741 696
854 905
836 140
179 462
175 786
92 140
845 842
292 606
116 826
872 696
817 233
360 364
68 933
713 296
932 526
592 567
721 853
754 358
9 465
651 746
484 181
30 121
214 266
608 321
931 152
185 240
880 358
727 72
716 898
57 46
350 613
461 308
299 409
467 843
565 910
50 51
328 631
139 844
152 645
464 375
228 400
85 361
583 542
470 445
290 559
457 350
437 684
510 978
919 760
190 44
891 161
708 553
86 141
345 5
199 166
644 305
349 590
981 912
692 37
341 924
576 566
252 579
311 526
458 206
973 669
585 697
126 539
397 33
435 210
226 62
496 484
888 998
248 389
31 556
678 269
737 711
930 851
922 883
304 518
636 671
801 694
840 830
255 211
975 234
763 516
568 534
309 940
222 233
790 149
349 443
810 703
763 757
491 982
311 99
444 35
906 513
999 438
158 722
894 216
144 268
642 7
367 197
121 422
91 266
510 336
485 30
895 527
702 713
81 129
45 358
91 40
741 446
155 823
483 386
543 392
86 749
750 324
419 734
333 444
100 409
1000 135
780 765
30 484
588 438
494 241
740 201
595 710
542 67
66 392
677 760
436 42
700 847
627 345
589 969
975 787
66 59
655 145
233 538
254 658
471 624
437 640
630 571
385 877
333 623
156 40
639 827
325 687
825 303
255 878
354 209
304 506
14 200
428 980
303 152
485 773
52 920
626 261
790 666
723 741
669 791
429 530
195 880
841 756
240 39
312 692
169 109
835 672
912 387
622 664
571 646
588 856
438 659
809 29
95 376
347 342
601 483
622 523
643 820
102 415
987 871
588 574
793 877
883 551
24 528
430 832
605 206
73 453
598 675
912 8
780 206
304 159
106 7
34 488
495 950
976 673
741 623
618 250
513 946
49 173
560 831
617 802
928 819
432 130
620 691
24 632
126 173
445 644
154 595
375 967
802 199
710 580
125 252
660 217
458 785
399 428
811 799
225 718
190 424
871 595
567 378
132 481
704 796
881 672
350 573
877 820
824 192
184 95
170 94
796 318
816 676
359 902
825 218
957 590
260 99
281 21
916 665
122 806
415 769
308 375
293 485
166 204
424 507
26 595
151 233
13 200
40 186
203 294
544 250
895 229
827 909
201 187
494 922
558 783
781 576
391 476
799 483
620 188
398 732
58 565
900 614
918 13
64 462
516 696
853 578
475 388
261 769
153 136
872 784
11 806
413 582
244 497
22 442
206 135
478 680
559 641
852 381
335 986
555 690
457 915
224 994
685 43
390 457
557 47
177 284
784 260
604 413
966 540
382 343
392 701
48 15
567 440
794 724
929 379
676 528
937 784
755 57
618 259
980 878
177 591
622 331
694 980
487 878
142 181
55 618
906 236
584 286
730 590
589 19
748 756
773 237
117 931
961 325
872 168
298 521
919 580
818 601
542 812
251 146
472 165
380 502
255 762
716 120
882 848
759 58
192 804
653 617
838 687
697 520
305 617
753 965
38 423
829 424
888 860
311 600
134 842
175 10
914 230
972 432
757 902
169 421
629 380
335 342
727 963
691 89
269 41
623 878
304 650
535 73
188 852
10 596
136 999
727 801
586 99
721 914
867 662
338 88
675 299
452 976
861 428
976 730
701 515
832 862
508 967
709 8
103 297
988 81
209 988
737 215
441 716
480 376
840 200
345 686
842 570
27 21
152 202
957 859
673 568
142 530
381 169
345 287
890 965
120 429
491 246
506 970
693 294
72 304
825 854
223 619
670 46
375 828
877 730
953 250
555 346
260 374
777 804
374 332
122 525
694 803
716 303
316 701
43 927
209 427
782 390
565 62
76 93
151 621
423 968
947 754
622 48
847 853
886 997
501 393
448 267
726 82
472 129
740 107
99 98
743 693
467 390
798 590
353 71
881 180
381 269
739 82
705 70
208 538
541 504
230 603
835 711
304 259
17 68
735 934
575 521
853 439
829 174
903 747
692 528
746 540
429 864
191 897
642 371
74 145
738 232
638 401
72 946
735 725
849 686
742 418
988 279
607 559
163 489
923 612
597 517
193 839
837 22
505 597
968 347
583 553
326 549
854 827
211 295
33 539
967 910
510 337
684 286
334 163
232 485
909 619
694 195
480 418
954 116
349 638
423 475
431 828
432 886
324 300
95 851
954 999
833 798
336 466
392 452
322 176
881 554
920 695
14 234
157 77
530 745
436 900
886 692
557 492
560 336
137 481
34 875
193 989
756 636
426 1
172 541
817 720
506 307
566 501
517 159
39 335
134 609
51 261
291 464
824 3
878 442
91 516
223 3
482 411
446 294
375 324
912 742
185 999
277 828
739 225
777 284
701 517
787 714
878 660
184 384
248 563
890 238
1000 610
804 690
677 140
848 566
253 687
967 311
681 90
323 262
974 753
945 477
691 145
623 934
58 542
370 154
412 805
948 812
70 201
148 515
258 479
408 496
82 13
120 168
35 179
864 457
477 378
741 541
667 982
277 126
31 71
822 374
568 785
642 232
914 773
279 410
364 24
443 295
681 588
875 728
869 602
641 416
770 324
119 703
284 912
360 278
937 938
202 789
836 660
280 119
465 77
964 161
620 707
871 594
401 630
38 621
55 513
973 62
613 23
262 869
62 304
992 385
693 143
17 934
289 217
204 460
385 686
958 829
341 359
337 710
673 44
626 68
874 839
226 854
557 754
789 615
450 878
41 347
798 631
147 530
985 12
915 313
937 145
539 357
98 143
317 111
389 546
52 748
880 421
352 526
279 23
544 140
640 927
921 598
829 101
170 546
245 110
953 317
401 284
75 995
282 11
896 999
763 606
835 957
692 594
878 893
257 991
993 469
701 796
374 200
938 689
469 840
438 777
22 456
443 101
616 955
466 62
763 700
320 120
166 875
135 248
301 144
653 379
417 499
509 109
291 390
226 152
96 62
331 953
686 253
101 291
451 204
694 280
292 548
920 325
198 121
812 179
353 562
926 447
983 826
585 383
699 227
59 640
336 267
725 879
566 20
569 723
16 701
626 932
792 46
168 776
462 750
247 364
160 936
358 527
587 979
604 851
717 76
95 584
719 514
722 482
798 919
474 171
664 407
9 230
742 624
606 48
953 244
751 770
754 34
868 46
356 282
48 987
431 296
415 855
588 221
215 944
535 934
800 620
207 721
208 785
389 868
226 590
752 478
971 188
75 67
556 530
504 759
302 430
854 235
782 116
341 396
877 202
256 854
385 603
316 222
66 949
671 390
930 810
973 840
207 356
335 339
501 71
446 984
395 550
314 678
771 387
19 614
991 356
23 54
10 883
563 101
946 167
287 365
280 404
706 615
908 239
762 280
1000 99
541 855
583 444
258 391
25 432
542 655
567 840
491 637
6 952
79 146
634 743
637 644
563 545
654 629
884 99
989 949
361 42
271 605
73 580
189 996
104 708
992 371
115 452
298 684
580 26
584 93
215 33
3 933
7 853
212 793
873 161
102 605
823 727
494 219
756 746
462 234
885 778
345 361
293 713
555 234
744 33
742 540
33 132
994 569
976 468
778 726
47 943
485 670
610 521
24 670
701 446
985 99
578 43
227 43
504 676
247 180
833 159
374 57
548 116
910 5
736 846
971 41
644 81
829 459
67 704
134 823
909 371
51 119
895 862
576 982
940 703
396 153
14 280
877 464
844 543
574 496
408 759
463 147
211 234
753 127
670 935
987 797
802 650
732 975
272 181
22 80
40 401
477 228
741 919
283 599
124 895
196 284
107 363
127 683
718 441
610 286
743 94
126 861
286 293
641 298
220 57
438 96
79 374
372 236
375 735
780 187
802 991
695 8
78 851
120 236
620 585
516 796
519 495
86 624
58 145
168 817
759 923
155 777
707 228
713 603
22 557
897 268
977 94
787 825
346 7
788 210
699 521
540 563
595 712
887 413
359 783
209 406
263 753
289 286
751 826
744 940
29 340
657 523
930 513
750 134
223 644
131 508
920 535
482 408
84 452
127 486
364 980
517 432
869 146
762 835
377 295
729 58
639 539
571 811
58 842
576 899
321 824
698 97
344 199
843 159
465 853
929 563
598 391
107 152
678 303
662 672
373 245
102 413
527 574
354 991
183 884
644 762
335 41
366 848
987 948
235 141
71 547
40 397
349 413
885 251
577 698
712 671
529 831
361 939
182 295
55 47
318 807
641 310
366 563
187 204
408 143
848 514
545 515
106 404
470 605
896 356
993 985
112 781
96 130
906 773
767 306
335 290
417 304
916 222
534 261
93 555
786 367
794 766
708 24
854 83
161 203
162 100
181 184
977 41
390 156
194 821
72 540
42 353
246 961
466 705
578 599
518 43
940 473
375 148
303 491
91 837
266 563
578 369
797 17
161 375
990 738
523 273
128 163
363 466
53 434
919 403
777 430
670 547
787 773
293 116
866 278
60 321
917 600
69 541
571 823
718 906
19 476
347 955
978 975
174 824
516 227
285 217
187 703
848 531
353 171
154 116
455 964
473 626
58 576
847 320
188 195
61 331
31 887
642 312
435 554
737 894
274 916
974 637
667 151
226 509
889 52
268 250
732 951
20 619
101 207
775 645
633 46
235 262
723 243
76 770
796 727
174 359
804 250
418 941
991 852
104 139
860 49
219 187
865 949
918 977
816 468
387 779
29 694
46 524
30 241
413 791
50 755
558 825
76 631
2 590
276 17
578 913
371 917
651 71
450 284
158 85
52 504
419 523
647 403
315 618
445 535
561 854
674 47
267 975
472 852
38 910
713 826
410 595
617 207
428 602
734 790
61 600
604 328
602 172
765 304
270 252
994 530
578 341
172 742
971 302
312 929
757 753
521 19
541 240
424 929
332 371
833 178
62 348
212 297
484 566
971 196
973 758
833 35
1000 556
108 25
130 663
539 536
245 208
645 913
670 825
41 431
657 978
939 712
429 890
601 473
657 31
770 854
317 965
891 544
199 545
277 311
685 474
832 946
488 744
729 3
331 914
533 614
554 707
719 143
296 751
831 833
836 189
616 920
818 332
486 38
270 979
72 886
235 482
917 360
189 213
166 916
940 831
245 645
673 732
728 609
158 772
445 75
552 335
466 848
944 393
618 48
830 152
864 208
367 7
564 785
513 213
271 717
293 773
557 228
271 585
748 847
846 194
906 63
731 14
694 950
660 2
151 649
542 106
356 217
403 392
560 261
875 622
475 197
15 31
39 421
557 680
265 113
156 199
283 121
913 452
181 692
75 401
916 697
42 234
354 200
541 212
543 890
268 536
625 67
843 916
986 576
188 327
688 647
619 621
657 840
621 776
327 140
347 882
445 668
725 9
84 135
838 280
674 729
312 522
4 320
425 813
320 21
162 840
184 708
300 574
62 549
602 998
474 889
164 29
653 755
577 300
335 84
367 74
301 420
893 586
269 838
808 8
22 6
478 580
458 111
783 877
491 971
457 847
576 403
874 714
535 616
870 213
898 184
595 30
172 437
185 234
620 571
234 138
70 63
699 76
684 280
794 360
7 5
671 34
31 387
401 878
932 734
680 399
737 354
591 379
738 669
870 390
907 392
530 965
604 246
402 592
384 971
866 54
8 935
760 812
906 64
926 7
802 17
841 621
860 287
684 205
958 948
561 926
802 384
324 716
176 622
475 680
829 953
668 633
741 157
744 143
172 904
410 902
813 696
694 781
828 607
794 863
635 871
686 865
263 752
251 126
473 40
950 554
627 715
366 285
298 197
337 617
138 618
969 776
368 385
334 773
541 297
264 171
28 156
502 79
530 58
566 644
127 374
438 743
424 401
705 32
743 552
840 793
877 290
326 40
383 169
791 918
922 803
335 266
268 497
935 636
2 261
791 7
762 149
874 587
269 793
573 203
297 464
301 392
250 464
306 963
202 351
828 511
331 689
962 937
193 688
305 94
487 306
185 512
244 101
753 358
466 235
304 146
158 619
126 65
51 431
991 883
79 341
712 467
85 904
43 396
30 154
497 993
647 25
798 159
820 627
825 803
646 979
711 763
677 935
878 139
56 830
368 624
186 577
468 555
485 499
146 339
259 624
856 596
857 317
605 935
566 471
74 561
919 573
303 200
146 117
593 959
916 625
39 706
174 607
869 681
387 242
958 383
905 369
445 408
1000 561
38 772
624 845
977 962
57 656
45 547
321 795
287 506
731 976
978 607
575 579
999 823
925 944
16 326
235 74
962 118
274 514
757 193
403 858
50 946
600 4
411 423
274 917
149 35
296 869
524 821
852 410
619 113
799 82
326 833
590 530
628 705
872 787
390 674
620 861
750 852
72 859
70 442
589 746
732 151
883 437
918 244
262 360
746 903
332 740
477 461
780 892
563 628
949 588
430 573
100 902
495 25
116 802
889 614
945 788
841 715
992 361
263 372
637 433
439 599
81 95
375 853
401 592
970 626
205 182
190 218
318 495
636 382
389 64
929 971
825 138
165 489
660 828
795 991
743 829
798 710
639 764
35 834
217 107
78 888
286 120
263 990
972 348
8 153
464 971
965 549
640 974
477 843
518 995
115 767
176 585
984 464
36 941
409 245
373 172
961 144
107 496
724 129
778 99
712 585
418 748
168 283
760 341
797 848
713 97
733 126
475 274
404 798
286 350
34 303
306 520
695 38
73 275
766 73
994 866
180 375
400 604
59 817
902 279
813 232
524 285
875 563
271 716
519 26
544 846
742 161
142 603
181 255
493 317
275 374
630 902
264 741
