1000
414 879
590 196
593 32
646 42
647 263
636 386
85 388
690 806
233 657
716 298
539 739
385 660
686 842
925 18
416 14
713 872
915 36
717 848
647 549
246 296
658 382
472 789
535 964
942 958
640 652
184 376
900 86
796 7
249 342
610 453
319 618
178 874
914 182
695 991
294 860
282 828
445 448
782 961
736 831
476 506
938 707
718 729
944 780
620 481
583 239
434 34
184 709
168 74
791 994
683 669
957 470
260 634
574 697
273 497
607 266
741 772
5 970
501 649
598 603
33 845
724 165
603 860
196 286
809 481
774 637
461 686
297 661
782 590
46 504
909 902
548 90
973 368
945 114
966 712
133 431
174 213
357 80
747 584
125 212
200 277
663 974
815 935
120 460
376 566
51 842
33 491
640 189
439 671
29 147
273 597
879 157
256 293
665 655
351 276
613 65
461 468
662 126
281 662
265 57
998 517
177 997
986 85
247 116
694 701
346 807
366 290
792 437
946 598
986 887
164 751
75 444
352 775
167 484
540 834
668 143
51 183
911 805
181 568
990 806
791 691
106 685
359 717
588 965
284 813
979 448
852 818
728 192
216 20
70 915
786 480
1 696
858 710
203 318
819 88
32 934
783 573
164 163
19 672
573 89
995 699
619 775
545 760
88 381
438 945
352 306
408 580
482 589
458 350
799 408
538 146
816 464
598 726
185 519
245 715
541 910
525 265
257 3
940 768
603 582
907 835
278 618
517 421
530 919
713 170
785 646
146 908
709 994
313 639
742 158
453 673
657 847
315 576
444 932
217 594
751 21
517 589
848 284
612 333
635 548
66 377
48 724
552 717
858 205
914 972
392 193
123 249
217 876
346 904
242 233
649 447
731 279
350 835
385 845
207 766
562 708
565 228
513 585
773 919
77 522
995 27
670 545
928 64
912 709
731 565
807 481
13 883
251 488
937 39
95 203
867 162
571 894
190 597
654 241
554 824
495 646
477 919
633 865
355 487
925 911
127 75
398 561
813 686
923 146
407 829
253 545
438 925
596 49
944 562
535 150
880 86
139 353
675 307
952 950
119 894
448 591
321 272
897 910
917 451
591 28
411 292
641 385
695 114
78 112
138 397
287 748
296 31
756 499
99 976
209 16
449 545
443 848
384 948
849 192
613 167
483 478
215 911
107 782
695 385
275 458
993 737
526 608
108 960
513 794
879 213
627 356
938 281
886 755
361 435
378 458
506 263
561 902
142 777
609 802
740 28
958 175
69 844
705 307
441 513
246 380
728 491
270 370
41 436
151 811
407 157
357 374
89 416
499 951
56 279
134 846
93 489
535 758
847 512
830 982
396 240
208 21
30 265
278 244
994 887
396 71
34 852
442 366
473 428
104 70
947 372
862 353
222 960
458 568
582 943
653 186
534 135
634 371
942 168
784 70
894 161
253 807
297 713
659 803
328 81
384 195
469 867
102 999
249 561
513 186
552 704
182 15
262 119
409 673
68 930
242 877
301 15
811 430
119 529
29 777
488 53
542 644
985 540
927 897
548 586
553 800
845 56
320 653
621 721
68 727
971 494
591 677
995 484
190 70
158 480
349 259
690 420
912 879
325 694
342 252
860 889
316 927
833 227
687 760
489 189
319 516
611 434
539 433
80 442
1000 763
284 120
910 8
412 421
701 157
919 292
83 730
900 181
71 133
879 663
288 501
145 956
995 670
279 201
728 3
691 185
822 989
54 587
454 305
79 940
842 417
359 108
135 799
412 844
469 781
475 448
990 417
34 449
714 303
590 762
202 539
361 863
851 138
814 770
873 326
525 373
710 691
896 411
628 472
550 837
727 404
86 516
404 17
498 404
116 795
323 67
197 550
716 538
937 963
974 486
81 21
427 33
210 435
522 489
167 931
372 378
428 397
232 22
198 895
989 812
424 968
544 585
690 675
112 24
256 469
664 466
298 48
741 236
742 575
656 854
587 762
237 61
60 602
591 814
66 167
268 943
697 511
496 200
721 385
939 342
479 401
526 794
584 903
839 433
640 617
536 554
259 325
99 130
209 710
636 875
424 953
568 507
888 920
389 603
946 264
859 946
559 839
459 651
387 438
64 217
652 506
246 241
235 996
382 785
459 536
563 94
816 42
175 300
509 498
53 896
629 417
259 114
689 980
905 791
68 407
749 520
418 674
55 187
402 682
24 533
331 691
501 901
491 937
275 900
171 567
689 182
660 139
270 905
288 989
1 148
370 397
995 194
512 536
766 55
859 755
732 99
435 911
737 275
422 983
342 693
138 406
727 440
506 812
710 558
327 974
55 383
833 845
135 529
444 822
671 145
582 628
34 54
586 635
860 334
665 328
996 286
483 421
655 941
453 817
725 937
172 991
29 98
716 284
185 412
29 927
892 61
341 801
588 294
226 739
469 77
967 834
327 419
955 878
941 847
1000 277
977 138
610 972
655 406
109 888
447 912
900 47
353 462
192 844
853 9
359 752
325 928
697 830
58 877
120 542
27 58
728 221
535 42
947 125
594 546
218 643
455 690
792 846
48 647
936 121
476 338
921 459
634 122
32 562
785 148
71 627
308 807
969 909
575 803
944 563
582 5
286 582
359 180
913 744
932 92
499 273
373 488
525 475
52 188
849 635
135 244
27 535
619 401
603 564
456 359
489 116
272 414
111 789
846 344
576 332
153 429
372 295
598 989
294 105
660 420
698 211
736 2
76 739
662 382
98 883
103 486
819 785
453 755
920 248
936 956
964 129
110 305
246 945
742 778
708 142
285 75
881 410
750 257
987 81
399 199
816 871
431 726
622 319
825 31
938 99
766 332
242 187
740 142
116 736
603 158
414 531
971 338
293 674
938 169
905 32
579 153
673 460
360 833
811 700
52 63
919 579
672 132
565 199
806 145
825 362
648 237
868 264
249 440
647 886
981 216
840 964
855 755
14 401
810 272
961 132
635 365
507 895
370 410
101 830
301 300
71 808
791 73
62 671
671 759
504 183
125 489
505 354
892 858
532 923
330 351
463 473
842 242
55 227
594 915
153 111
961 704
926 594
654 541
348 30
224 20
991 804
826 124
822 306
736 191
510 326
171 652
633 297
524 136
784 357
586 977
806 998
805 689
590 953
771 609
812 147
81 159
689 472
271 718
272 664
916 145
220 742
348 467
812 34
861 629
63 978
747 767
470 890
896 77
907 335
929 139
289 20
553 807
642 528
807 238
864 928
389 17
290 120
609 988
581 892
781 864
977 329
32 353
765 721
790 918
191 379
912 864
434 412
866 507
128 966
924 223
781 578
564 118
678 100
490 903
921 839
117 676
464 538
710 443
602 336
730 269
14 450
731 636
588 931
56 308
19 424
57 605
994 390
886 152
388 275
706 306
657 222
17 63
995 992
84 241
891 739
819 126
503 761
397 65
278 145
728 4
126 511
58 519
420 98
799 422
932 5
993 17
425 605
436 860
49 677
620 488
12 725
831 870
365 552
192 495
379 815
738 66
914 794
718 300
719 29
169 209
353 668
825 862
895 592
378 815
585 473
56 745
382 257
764 553
466 804
762 76
50 551
569 557
769 51
647 54
171 377
335 570
564 752
565 601
802 189
594 443
885 712
209 95
279 963
674 483
513 918
627 1
665 284
87 959
464 43
211 265
234 589
751 96
630 787
171 180
299 507
66 386
556 801
65 858
160 178
221 855
517 154
591 809
246 266
604 676
716 46
259 311
575 485
393 48
605 866
606 453
865 733
189 27
562 535
635 55
126 686
808 427
756 734
329 946
852 828
411 190
394 928
71 360
843 147
576 822
628 229
652 223
472 303
308 989
258 182
637 772
28 556
726 575
503 882
987 893
179 936
130 124
993 460
222 782
210 814
639 91
987 746
469 703
903 488
872 826
942 118
874 360
31 189
144 479
54 886
789 257
175 441
370 571
97 465
84 713
582 312
529 972
731 463
568 790
349 411
186 153
757 302
996 682
71 246
231 699
713 136
788 702
220 392
137 795
798 371
988 901
143 24
741 331
65 762
596 839
241 409
591 457
738 815
996 287
731 218
380 36
366 115
42 69
155 902
315 97
17 921
769 682
539 828
411 673
543 648
769 731
844 185
185 268
373 639
446 485
782 323
587 665
479 119
834 18
467 615
889 879
160 77
694 526
644 247
5 315
189 206
192 734
299 530
598 106
691 308
86 318
236 239
682 465
759 221
338 667
49 980
265 535
657 789
623 626
2 450
538 75
387 4
227 325
874 648
31 605
930 882
406 403
335 491
669 535
602 554
913 973
606 82
283 194
98 349
580 841
407 831
892 823
418 596
807 159
366 986
922 36
344 468
306 257
475 410
42 154
276 328
849 634
874 223
71 801
755 880
58 384
276 319
295 385
64 529
653 455
819 995
91 644
628 17
868 512
408 30
210 342
157 381
802 882
125 41
92 425
882 420
673 593
354 781
177 752
98 878
594 387
8 610
356 82
696 719
720 309
462 220
929 482
473 331
950 759
509 541
755 349
315 844
854 403
178 656
638 554
915 13
590 393
707 367
670 353
907 913
322 147
472 828
570 957
369 148
616 147
389 879
213 107
86 235
89 462
680 624
676 694
647 992
122 56
995 971
293 20
62 467
657 241
855 754
87 868
625 133
37 31
402 396
611 118
667 440
445 298
43 371
987 903
640 916
188 12
549 5
571 565
678 363
2 200
259 203
723 878
889 90
653 39
287 249
749 574
519 962
720 440
652 466
474 899
275 846
420 301
443 132
340 516
144 295
328 196
645 933
261 752
922 218
145 899
920 311
297 856
872 528
375 615
127 562
667 691
63 794
40 122
506 869
785 844
883 33
299 240
980 793
487 359
25 608
889 395
337 982
502 520
523 318
981 726
233 662
416 146
648 989
80 15
133 27
688 462
7 630
676 57
381 743
630 726
167 364
816 610
42 214
298 380
834 90
514 860
550 134
200 918
151 841
759 20
636 746
550 17
272 908
97 927
353 501
986 547
37 51
311 436
972 466
611 921
463 233
47 494
827 602
945 427
283 268
302 24
262 747
110 993
456 712
439 385
791 108
780 451
174 86
413 742
140 98
268 47
434 771
98 756
64 268
286 415
699 354
240 589
650 930
340 536
443 53
651 340
196 63
751 431
93 849
77 364
3 601
867 918
941 387
559 564
904 380
837 306
432 290
327 996
703 665
564 753
822 755
293 805
85 579
343 143
55 571
772 342
87 974
124 30
536 112
539 851
560 342
209 376
392 296
925 66
972 931
773 158
134 456
66 50
985 280
786 795
952 79
458 440
664 323
95 941
890 423
490 873
798 904
346 725
132 72
557 793
887 54
786 61
71 69
18 83
769 777
682 506
879 141
288 309
843 5
628 821
826 829
739 116
105 688
26 489
524 600
65 389
877 286
764 664
809 6
937 89
27 961
725 154
819 93
222 892
919 78
485 767
528 313
178 510
415 511
210 815
286 616
269 870
274 828
79 51
923 425
749 919
932 393
201 129
610 319
520 523
480 472
387 628
157 630
178 931
591 5
847 175
443 317
779 471
879 766
572 726
646 693
557 6
595 175
45 306
104 754
157 408
803 410
381 250
718 43
367 59
902 466
975 696
824 634
471 489
533 94
682 632
441 46
871 584
285 101
986 274
306 896
267 222
204 379
561 958
655 988
329 926
91 811
254 677
113 823
114 751
792 246
388 769
599 51
639 998
87 287
470 397
535 811
20 468
832 635
815 523
707 370
34 760
203 147
887 101
88 881
711 315
986 854
454 800
971 150
179 369
833 169
137 702
692 228
269 373
146 128
204 910
577 172
984 218
549 782
973 862
743 584
655 334
601 87
412 609
966 56
877 403
308 946
603 370
259 238
743 302
49 262
529 252
749 601
500 520
404 396
524 817
515 78
295 654
296 760
542 661
818 165
662 18
77 466
426 730
686 148
908 438
893 848
90 381
336 739
155 997
283 816
515 509
641 239
617 775
618 104
105 59
529 713
162 18
525 100
546 140
180 690
54 159
574 582
497 786
60 123
15 352
772 621
703 951
523 277
542 115
599 102
394 451
938 388
952 297
129 534
264 811
216 484
747 960
142 780
776 251
26 877
582 814
559 62
468 698
961 987
570 954
494 402
687 737
545 136
951 812
330 822
38 79
976 268
705 962
579 953
302 432
375 266
929 666
913 253
454 159
717 539
351 813
27 107
288 381
511 939
938 806
256 287
541 414
246 140
191 773
585 534
142 507
236 498
112 160
314 612
260 319
417 853
624 75
328 408
199 655
757 161
889 41
856 142
984 323
948 678
10 607
490 7
699 345
150 912
379 773
542 512
671 932
358 481
548 177
889 534
385 179
466 830
709 130
145 787
567 953
262 106
341 675
231 595
694 105
932 566
57 340
662 395
794 563
858 366
507 238
284 756
452 810
683 265
405 515
174 250
581 634
341 901
218 112
551 790
729 577
35 966
599 10
384 525
622 217
697 6
474 137
494 332
665 544
208 981
623 241
886 589
264 86
964 699
900 254
968 702
454 985
203 91
284 184
913 328
68 432
772 389
886 879
84 285
937 211
8 185
156 785
450 626
914 197
438 655
900 368
518 963
635 267
670 798
361 914
400 210
662 670
420 29
64 111
196 612
568 687
182 563
532 970
704 63
444 378
581 343
490 488
110 849
182 418
229 336
735 722
591 45
832 915
273 945
845 691
477 367
50 963
418 895
145 989
811 764
959 409
462 108
873 331
802 985
90 551
823 77
10 292
855 348
953 460
185 826
628 74
704 618
889 546
170 276
133 416
392 668
747 733
252 213
254 575
574 207
445 602
545 372
659 508
57 82
669 171
281 666
192 857
543 662
985 750
587 622
274 181
700 822
852 745
924 142
63 322
856 748
901 517
576 763
522 753
579 992
869 291
51 187
439 59
914 7
454 852
936 328
916 969
387 157
942 585
532 537
936 354
311 618
4 146
333 535
910 154
681 50
979 437
503 735
491 255
768 698
649 424
887 629
376 333
598 520
502 413
508 858
70 177
128 680
476 248
884 749
65 699
615 847
482 585
13 271
362 243
550 766
206 256
408 503
7 305
841 103
537 350
990 384
372 95
942 296
749 807
552 381
889 668
797 901
345 894
567 63
440 550
681 936
628 1000
158 129
335 619
767 596
568 733
96 375
958 635
544 795
817 297
732 412
918 553
831 344
724 744
428 477
731 220
785 932
347 215
129 920
958 853
445 638
228 114
618 678
566 142
53 838
551 222
254 682
761 236
556 880
703 995
214 20
678 679
755 496
255 841
868 49
835 328
892 175
678 822
260 544
26 697
178 508
891 97
895 681
161 762
865 654
386 513
761 589
526 245
838 699
127 384
492 3
735 193
458 191
460 481
78 912
62 309
389 555
658 100
363 246
606 310
809 976
596 488
905 453
464 883
283 425
587 39
400 139
544 242
676 279
382 816
369 699
117 45
245 24
84 922
302 81
287 263
438 913
430 222
444 290
62 881
747 59
140 43
412 768
384 477
866 711
996 761
867 755
997 640
48 217
837 471
252 487
487 674
810 913
428 704
546 427
766 86
15 988
976 532
413 785
489 411
399 290
682 714
440 689
849 171
885 541
418 756
671 374
216 856
894 325
396 848
381 270
664 192
688 198
399 192
755 174
777 816
109 968
410 967
986 102
510 812
955 673
263 678
985 294
878 27
860 738
901 32
722 767
282 656
427 409
564 238
514 967
721 445
377 647
30 593
342 839
643 518
626 498
147 855
166 145
749 843
173 683
619 647
473 773
293 18
463 870
781 317
166 39
161 992
362 914
724 313
42 209
467 208
230 47
4 505
631 794
962 872
661 682
619 818
737 803
114 649
300 999
687 149
746 691
123 912
714 85
183 954
759 91
277 305
154 172
887 978
431 11
359 213
89 913
589 824
187 44
742 286
745 522
174 282
710 824
470 701
749 862
788 530
218 579
962 702
263 32
727 543
124 560
34 296
660 468
756 61
663 707
237 640
806 40
935 570
704 527
44 32
580 242
176 232
547 971
487 932
167 810
447 10
843 123
893 198
290 467
916 3
955 495
777 963
783 269
218 113
186 659
448 651
446 65
699 595
924 532
756 608
777 189
816 661
985 258
547 519
669 731
644 427
510 987
792 350
367 566
39 525
668 305
963 727
838 993
821 221
90 329
751 668
477 535
598 33
265 371
35 869
995 87
87 661
649 806
227 270
501 179
139 656
691 415
485 970
786 505
611 148
188 419
762 8
834 493
377 110
947 182
795 109
644 894
32 858
577 437
995 642
923 161
947 295
596 6
979 246
140 28
473 733
644 668
171 958
153 223
409 69
728 805
582 64
287 108
288 838
24 684
538 706
871 98
534 22
504 291
286 191
39 194
76 727
225 479
101 356
413 808
569 562
366 888
646 862
243 239
941 274
115 677
600 13
381 325
412 584
863 833
556 111
349 999
704 666
870 267
16 764
203 570
648 669
962 898
336 89
544 990
546 36
712 260
419 854
665 658
225 923
9 214
570 252
889 928
270 271
843 763
60 743
521 371
63 739
669 91
394 619
531 934
4 762
826 630
989 970
26 674
851 921
781 530
503 154
235 536
130 900
331 13
528 895
216 251
913 299
930 651
273 916
575 375
43 558
482 2
869 918
804 555
312 701
994 425
981 157
14 332
848 416
239 775
391 283
791 940
616 538
448 188
322 669
107 145
144 165
753 743
700 490
995 702
67 831
231 240
912 154
477 157
340 344
370 679
10 532
600 332
935 980
222 559
28 649
802 907
508 424
126 75
550 985
664 600
478 836
46 648
837 387
984 969
695 101
918 13
55 458
370 280
337 225
724 523
886 539
271 189
215 128
452 310
474 266
241 918
690 566
747 555
507 215
641 90
57 403
148 62
224 684
427 1
857 148
320 654
34 933
657 607
552 954
404 279
902 242
203 254
233 707
52 257
15 447
589 102
513 723
320 713
636 455
15 44
19 41
901 459
425 258
78 580
713 96
527 385
269 401
987 577
539 607
866 463
369 237
422 113
540 780
356 509
881 92
809 821
38 33
187 889
939 438
203 168
800 16
330 867
321 66
694 156
834 307
857 82
435 228
369 600
795 132
924 288
952 937
883 895
573 7
459 683
226 146
508 776
607 312
494 931
705 288
444 332
961 990
302 86
782 732
442 950
386 245
443 12
323 562
598 930
736 329
455 861
797 838
926 634
505 676
520 453
145 202
873 369
266 865
379 744
750 969
590 822
538 917
150 471
968 508
361 54
513 337
539 390
423 266
542 964
379 566
626 589
535 632
544 824
285 470
237 957
898 527
114 136
918 714
354 763
427 109
690 941
94 745
938 371
573 992
246 55
846 907
522 965
215 744
58 844
267 232
207 808
317 312
546 90
321 189
673 448
293 35
187 544
379 947
708 590
146 83
644 214
497 301
777 499
136 453
523 723
243 451
877 194
950 822
348 727
274 702
728 189
147 575
895 819
109 634
641 113
795 17
410 49
304 532
50 104
73 535
86 673
293 506
856 144
514 298
520 999
854 620
995 583
923 482
157 794
598 672
586 104
235 330
989 125
921 197
997 594
210 900
562 241
871 121
84 669
938 510
344 706
110 661
296 613
95 327
923 512
174 394
966 742
537 390
422 896
388 752
44 146
500 892
763 958
289 861
434 970
533 178
382 376
685 919
44 33
746 135
539 694
863 876
917 196
208 282
389 379
101 33
125 187
767 764
506 578
208 56
191 129
270 304
755 314
539 761
207 927
669 118
321 232
301 656
973 288
241 316
29 328
268 896
415 819
921 434
136 18
924 219
191 500
378 205
790 355
491 358
588 72
644 202
94 257
136 481
1000 736
105 796
226 681
553 368
867 144
212 443
620 328
311 433
807 524
615 583
720 201
876 292
145 407
771 487
274 565
297 364
525 172
781 2
168 223
957 321
61 396
136 573
984 289
644 669
663 403
296 803
923 462
693 988
913 692
54 878
370 200
763 892
235 455
76 833
653 172
675 95
470 585
309 709
129 103
457 594
721 653
261 610
297 953
250 891
253 40
54 59
2 670
646 863
617 989
449 627
157 290
361 159
860 359
219 105
627 148
794 533
337 934
894 642
440 473
993 691
833 646
651 789
232 27
177 910
273 591
181 78
733 689
534 867
313 190
106 209
171 168
617 136
899 347
108 517
535 768
498 853
542 472
798 870
844 224
117 105
707 296
321 101
894 862
915 439
937 275
701 474
795 925
759 68
235 68
635 718
964 808
531 135
398 146
716 185
75 3
937 188
791 713
631 14
208 608
930 763
882 736
830 768
155 24
692 801
595 18
821 579
532 650
383 86
706 19
209 987
374 319
442 927
914 438
168 44
442 5
106 984
886 309
62 859
767 18
680 22
864 339
339 525
284 154
418 814
92 441
738 487
872 845
547 215
515 373
20 701
846 321
757 298
367 577
872 988
671 126
732 120
43 884
647 129
499 199
266 172
296 312
163 828
917 139
224 830
925 676
980 749
642 946
383 814
498 4
355 661
587 814
841 562
203 985
833 956
806 415
823 535
909 656
281 277
565 972
956 862
347 503
778 263
228 338
377 632
378 291
694 659
535 917
227 26
63 352
859 449
921 914
593 669
317 501
411 112
602 357
787 781
992 757
437 908
97 619
4 225
541 262
65 501
602 276
431 226
744 709
537 851
481 357
680 648
356 675
732 762
658 245
880 45
516 235
573 6
669 479
482 777
326 158
91 49
183 803
974 730
386 67
294 632
633 980
923 360
196 702
434 887
382 129
678 466
383 424
832 942
886 273
780 390
766 747
892 930
897 742
511 500
352 67
410 783
111 675
684 697
153 7
504 493
294 396
714 875
681 633
721 580
974 150
594 382
870 103
194 732
340 962
2 210
892 692
885 618
655 750
250 947
116 856
427 991
724 671
449 571
485 173
694 51
933 406
556 48
913 956
882 130
534 539
574 724
324 515
933 699
56 225
475 745
372 791
393 142
72 551
51 422
569 37
365 58
242 263
667 447
854 6
15 176
674 124
477 561
796 395
467 519
948 254
951 809
208 665
264 155
174 642
446 743
527 186
677 361
41 463
504 623
106 751
344 24
175 141
532 913
438 593
365 527
793 582
813 635
412 989
887 654
269 969
809 236
615 768
84 952
842 108
53 963
830 666
889 207
482 527
230 497
286 423
993 121
203 255
962 1000
654 742
414 267
978 126
797 986
724 878
376 212
304 81
695 63
258 464
662 172
79 266
488 797
73 741
867 975
11 171
711 922
12 576
984 817
141 804
440 335
119 495
637 110
747 754
471 402
988 760
760 647
247 331
195 436
858 284
787 280
517 911
1000 486
280 342
816 824
808 888
238 229
475 295
223 371
425 456
264 205
65 881
561 596
781 667
618 527
160 171
983 277
445 134
359 960
820 118
622 62
90 343
16 150
471 982
612 240
892 320
930 613
915 267
168 418
919 467
235 787
557 834
31 755
805 472
588 984
386 886
460 555
62 499
628 425
155 306
35 581
678 169
701 8
778 787
164 182
144 670
278 170
724 462
136 687
156 562
444 716
362 267
948 534
594 590
25 377
465 514
136 574
374 754
564 123
912 207
533 529
366 706
365 789
119 797
836 934
966 289
804 68
841 928
903 272
385 989
880 561
555 871
42 830
519 704
386 476
334 62
963 458
581 7
141 614
186 113
176 7
68 125
859 794
896 256
437 160
366 894
383 932
707 862
390 30
854 531
196 217
751 137
663 967
154 757
512 463
861 79
682 531
424 831
997 154
708 195
547 750
517 995
960 768
741 133
981 758
599 43
530 622
303 45
846 960
652 989
355 935
873 934
565 24
15 123
787 18
420 745
773 43
721 362
355 52
962 116
302 525
708 624
950 989
790 806
403 650
316 953
691 735
857 203
311 758
682 486
701 330
259 331
460 504
728 344
503 442
251 453
898 549
230 185
221 741
830 769
184 576
84 163
782 932
86 497
882 624
117 421
814 501
619 879
729 291
592 520
459 542
351 516
677 987
675 574
822 947
15 740
540 396
549 170
499 315
418 815
606 804
864 451
827 201
700 185
41 620
281 29
808 245
344 699
879 661
148 363
847 171
979 867
194 761
693 721
486 369
346 428
382 294
37 841
44 91
571 764
232 459
343 73
897 69
389 289
300 380
230 93
476 734
56 1000
309 506
810 392
651 931
444 931
449 719
431 587
604 833
350 665
301 834
906 255
731 78
623 84
474 221
648 522
351 369
448 217
693 6
911 243
439 402
627 318
703 125
264 898
344 368
678 821
204 164
901 90
541 227
378 147
164 522
93 225
584 937
611 496
792 694
297 120
834 305
191 668
450 518
535 747
744 241
252 781
571 703
74 509
348 716
365 554
701 48
60 184
999 253
134 903
325 204
145 350
836 728
726 604
784 947
213 519
586 483
514 324
382 134
18 631
426 932
278 973
705 471
126 139
130 204
367 647
870 826
591 116
793 933
576 467
153 6
138 338
801 20
668 490
419 124
921 9
154 920
603 699
811 598
581 864
231 555
489 408
336 184
475 846
681 794
882 304
885 651
959 436
228 130
122 653
637 58
216 714
603 502
661 282
220 574
556 960
519 204
337 510
336 35
264 832
615 999
820 893
907 519
877 781
329 783
455 187
94 521
648 949
43 829
270 986
29 354
730 536
532 271
466 247
477 351
890 475
412 413
860 771
422 226
425 30
339 704
835 583
85 44
146 224
113 275
810 139
919 319
353 492
977 746
304 808
190 469
566 836
79 691
170 637
359 355
252 785
952 583
848 744
175 381
315 486
365 671
849 814
207 140
409 253
286 533
57 782
311 226
267 376
288 829
509 293
991 925
942 195
506 17
965 242
418 855
728 392
573 493
690 267
853 845
840 356
859 640
103 410
383 562
171 642
978 14
542 919
709 246
174 507
582 404
640 590
887 213
792 596
922 505
137 647
814 715
569 644
10 110
531 576
73 966
536 490
647 494
392 418
411 590
105 309
795 234
897 431
812 836
833 553
686 739
730 979
344 91
381 625
328 611
256 448
332 91
61 627
760 614
890 541
891 204
820 192
493 1000
185 335
60 589
909 692
617 460
51 306
218 257
271 313
930 610
588 74
700 524
153 759
9 891
174 671
982 310
658 24
933 146
661 867
442 735
601 98
880 487
6 136
994 115
23 511
628 231
144 786
255 118
903 732
227 529
321 628
833 777
144 203
272 16
277 481
17 255
111 516
538 134
294 712
923 448
121 336
547 428
395 171
969 2
455 807
407 576
999 426
180 818
22 377
888 29
889 964
525 366
124 599
16 834
825 556
291 328
699 71
607 822
556 324
426 545
729 860
659 693
876 725
237 609
458 926
846 5
595 775
23 758
962 542
638 939
585 317
661 112
722 382
997 8
234 548
695 337
755 250
169 739
59 563
669 310
617 253
215 844
833 565
9 219
583 609
68 562
986 93
700 835
682 818
864 561
294 180
705 755
530 510
420 746
185 363
152 540
134 604
797 180
377 723
393 342
750 140
329 592
990 671
721 506
445 26
302 637
972 269
995 116
377 441
943 508
378 94
804 598
550 54
473 834
718 948
610 773
188 467
273 537
394 938
515 810
364 236
75 867
682 281
41 151
278 196
779 865
303 883
531 468
970 28
737 767
130 455
481 57
639 240
767 399
239 742
649 549
286 621
879 950
275 796
278 913
852 510
763 685
736 287
419 221
984 285
370 565
991 981
872 847
724 816
548 102
953 530
456 86
440 955
496 855
651 375
51 912
305 384
824 656
586 531
82 909
422 601
500 549
564 722
489 332
695 260
937 800
902 102
409 531
963 84
964 315
518 150
371 673
815 816
927 582
346 993
204 455
336 215
1000 126
450 67
548 792
308 37
636 49
685 177
90 413
801 151
91 972
735 303
100 790
873 530
51 362
576 700
967 200
753 68
42 171
260 230
423 538
173 835
178 859
160 434
568 47
133 385
818 651
175 122
201 667
403 367
155 230
835 648
107 225
507 715
735 995
443 803
282 239
688 934
154 849
144 132
821 866
391 464
468 325
785 141
913 848
532 910
595 274
813 311
432 286
805 979
992 806
554 725
201 588
153 148
542 670
943 581
954 366
591 119
542 553
814 978
718 337
305 194
770 396
699 30
257 103
556 381
757 268
29 539
486 274
15 984
515 480
936 587
846 322
851 312
687 884
216 941
215 161
846 495
862 856
976 935
229 69
218 632
508 28
839 191
281 564
321 487
854 715
105 344
972 770
792 168
521 430
544 537
63 83
531 773
418 470
884 760
575 244
261 124
281 854
85 344
638 556
768 320
151 605
200 163
816 636
356 269
189 782
803 838
610 632
497 337
755 947
778 648
598 25
798 719
929 812
969 975
1 941
200 864
735 144
826 668
367 764
830 252
356 611
89 424
31 641
716 195
40 868
297 91
80 613
891 879
17 84
300 390
553 426
535 270
347 913
359 354
515 866
878 970
40 130
611 205
648 321
995 874
232 938
803 361
771 29
79 976
689 900
545 578
44 472
233 401
88 428
514 563
611 568
244 55
462 234
102 189
875 895
569 824
6 48
996 665
408 162
797 984
45 83
696 525
327 873
718 330
561 61
779 450
138 454
410 611
908 294
638 61
305 383
289 850
427 940
440 459
764 627
568 743
926 17
547 860
328 646
493 308
648 741
479 993
6 499
926 160
621 568
103 737
587 1000
551 781
926 769
337 857
769 660
328 612
789 729
369 72
80 5
775 474
873 968
472 879
8 497
892 211
911 91
900 200
665 837
190 936
201 625
273 940
459 953
922 563
522 681
616 260
818 704
321 952
11 510
967 33
437 962
520 74
484 214
657 215
382 914
476 499
807 521
131 56
943 57
626 187
269 922
622 632
296 8
424 221
227 528
1000 784
529 46
783 593
832 121
597 823
447 944
448 882
417 741
219 561
914 627
165 699
519 540
834 940
999 84
33 821
639 61
287 104
338 201
348 74
168 480
166 863
447 662
638 383
343 321
269 606
774 517
477 411
764 689
841 936
606 616
275 590
718 166
495 235
707 947
357 246
105 101
695 178
589 395
699 183
25 804
262 75
279 875
85 732
926 482
896 177
418 205
821 377
931 409
76 256
722 270
25 582
891 397
472 863
238 20
76 151
539 809
242 107
61 549
941 577
229 895
341 789
750 435
143 3
938 217
77 827
905 16
890 574
433 791
52 79
541 29
133 283
908 663
29 474
69 669
326 260
271 397
38 392
97 588
259 333
278 507
423 710
463 949
503 436
718 949
192 919
653 822
835 687
231 270
565 474
235 971
198 404
636 577
585 977
268 491
538 505
350 315
460 815
598 525
620 77
422 886
141 588
143 778
373 363
410 231
323 602
641 609
864 342
737 984
793 862
851 80
113 522
642 77
236 612
404 872
940 874
962 814
465 270
54 904
415 168
73 321
92 43
721 605
19 333
225 398
79 351
196 25
438 458
133 520
742 4
466 771
127 852
756 480
10 84
727 289
679 860
343 56
517 547
438 276
379 268
759 737
512 92
553 864
403 564
579 20
545 388
798 822
431 683
323 466
642 985
630 737
189 485
942 797
527 397
820 185
22 719
919 567
646 277
78 763
248 782
246 361
104 338
192 828
659 106
133 383
514 798
986 963
625 1
648 72
575 663
763 159
51 11
787 895
992 763
442 660
80 521
743 582
246 186
502 208
937 9
677 84
736 752
454 87
535 346
314 586
169 453
10 835
852 206
819 447
213 916
14 735
786 332
515 918
905 491
36 2
165 738
205 949
22 85
151 307
266 523
432 287
486 934
657 330
51 877
590 536
40 340
519 612
757 489
903 453
282 305
871 81
509 240
275 936
353 876
323 852
275 537
332 542
774 461
49 196
482 780
58 122
116 820
391 804
158 49
966 920
573 794
812 54
150 565
742 179
406 648
251 756
837 645
472 711
949 891
436 802
54 145
846 237
816 896
800 517
765 483
591 603
119 353
696 837
470 48
56 228
823 628
522 961
583 552
730 108
294 253
837 994
248 955
502 880
947 741
89 141
363 538
473 110
466 919
365 200
313 469
709 867
377 650
565 207
660 693
916 543
464 566
576 599
739 37
248 520
9 686
839 6
252 956
293 238
442 680
518 985
18 221
162 538
434 52
365 524
224 480
814 307
50 100
568 665
296 956
488 308
597 786
212 240
340 301
53 960
554 551
560 680
903 408
444 451
603 790
738 315
374 951
931 928
163 10
384 301
386 503
255 925
564 966
943 713
694 321
254 216
793 48
647 181
908 295
286 215
516 812
650 378
104 816
705 720
340 848
237 524
190 386
872 309
559 895
104 863
693 297
362 30
508 33
915 995
384 873
848 334
398 382
146 751
897 429
221 851
792 133
26 937
263 624
927 537
786 927
604 954
842 995
422 467
26 984
831 125
229 939
602 151
12 903
198 554
61 685
443 179
682 239
778 730
393 312
178 574
549 541
386 595
441 548
575 457
173 889
194 308
89 26
400 681
716 145
430 267
32 182
711 142
415 605
806 102
203 447
713 927
334 935
388 283
711 445
670 753
51 67
986 554
1 682
633 327
117 462
283 404
404 640
234 967
926 773
361 549
876 252
398 758
26 33
559 505
46 36
528 355
954 453
760 268
26 80
908 22
692 653
351 172
400 773
261 844
251 341
119 904
373 424
516 670
296 581
492 903
962 890
210 247
304 112
570 375
680 491
699 89
149 104
978 240
551 637
879 336
849 357
906 996
529 930
819 849
567 503
290 385
71 951
214 571
628 199
132 620
889 661
988 735
366 95
750 847
811 190
149 443
391 530
769 836
775 424
86 985
142 151
829 575
632 591
407 393
933 961
972 41
39 322
119 48
380 476
554 409
991 236
683 823
374 230
981 70
873 709
838 593
964 788
460 590
12 636
867 35
165 57
635 463
374 885
696 185
207 435
870 721
544 125
122 89
13 214
5 626
246 206
639 365
308 933
397 123
352 349
872 684
183 840
405 318
444 276
339 54
785 304
884 794
741 959
410 279
430 850
548 17
876 390
73 503
898 224
516 567
719 72
913 549
920 455
6 892
851 177
306 710
825 590
805 736
101 780
194 615
569 593
826 96
370 356
245 868
145 371
986 362
215 12
492 663
988 780
681 844
168 793
462 671
928 559
376 604
3 109
362 595
200 394
842 857
989 662
21 676
902 247
228 120
835 16
907 655
486 787
916 439
129 515
96 730
560 361
561 512
13 677
983 361
80 206
482 366
523 460
660 22
215 688
169 776
612 36
29 268
892 276
495 547
678 955
826 646
959 934
908 692
658 463
903 632
805 268
4 237
429 877
668 20
744 658
678 101
297 142
745 980
193 301
726 881
152 330
53 713
165 911
852 207
102 474
193 478
433 335
351 613
301 336
382 133
504 19
620 193
197 48
948 888
3 363
766 382
603 868
269 532
612 832
618 177
270 882
415 143
699 16
573 567
150 488
343 350
694 277
189 470
723 508
73 606
863 887
664 855
702 691
480 584
101 8
271 866
384 910
811 873
118 409
688 252
651 960
891 455
263 510
289 7
717 127
20 145
258 794
815 726
879 549
263 826
410 961
566 364
933 679
915 164
163 651
886 713
479 173
284 574
344 782
768 322
610 647
684 725
445 894
639 784
455 69
942 937
321 33
319 746
109 194
460 428
152 965
304 860
502 19
673 293
105 811
640 554
346 519
700 730
644 530
281 193
66 902
585 654
236 90
874 954
494 433
425 829
407 117
822 860
773 548
957 455
766 553
13 111
490 364
715 285
809 208
830 574
482 920
253 987
951 68
310 116
577 717
337 343
264 241
259 268
751 417
727 454
746 863
286 314
713 110
127 708
991 815
776 852
245 649
828 109
564 927
205 267
595 255
297 832
124 701
380 791
595 335
201 444
590 902
978 156
814 718
345 679
784 493
449 539
214 261
627 44
683 270
941 714
66 260
284 755
546 26
893 177
750 298
181 117
823 554
397 449
76 365
630 780
167 6
523 310
599 153
547 700
399 83
699 617
850 535
711 474
159 819
630 558
519 492
271 669
907 949
787 107
184 148
403 370
96 992
522 708
57 655
506 3
731 710
973 573
995 93
297 152
892 435
765 955
524 982
585 682
109 823
772 819
667 495
501 189
526 38
305 610
9 748
532 755
385 333
973 799
98 59
763 311
583 224
678 173
514 489
161 887
75 969
303 194
652 351
505 404
515 977
643 36
963 168
571 686
984 294
468 383
839 920
275 773
348 981
221 65
205 636
153 161
5 832
120 940
896 631
421 912
559 734
266 851
126 81
163 41
886 101
449 852
179 806
58 64
573 639
498 315
383 928
521 697
205 384
119 606
232 354
200 256
20 107
737 495
901 686
3 895
333 476
337 921
859 60
272 780
498 108
6 477
100 392
1000 246
229 236
342 453
695 451
570 253
855 153
638 539
949 84
868 4
7 594
116 849
854 467
933 960
812 579
47 854
503 144
511 677
57 934
356 214
761 555
958 335
653 40
601 210
784 542
32 211
164 496
482 143
174 809
505 86
88 42
394 937
633 850
396 178
701 979
282 57
943 844
984 403
785 166
823 490
151 297
474 976
516 417
495 954
94 587
742 329
192 341
289 589
306 485
344 528
112 604
495 811
793 362
560 960
278 775
172 510
830 937
101 451
253 229
769 17
596 615
49 222
128 235
326 642
292 566
632 65
831 611
33 674
486 452
414 97
181 282
589 429
627 198
2 639
132 690
371 900
85 766
837 687
822 757
111 78
149 365
7 771
979 562
998 498
175 543
176 404
820 869
74 835
561 688
298 907
371 595
669 136
309 521
178 741
87 279
329 791
695 596
111 413
95 888
982 32
251 22
35 965
640 289
713 813
273 840
237 23
347 635
386 617
604 641
406 735
662 56
359 661
434 300
273 106
455 390
349 371
576 589
269 604
830 854
703 428
227 511
552 392
420 894
683 560
813 897
210 598
282 891
230 541
675 992
770 980
258 224
278 231
586 44
563 23
235 70
108 200
849 966
645 517
459 574
460 845
340 267
95 601
438 872
83 107
780 387
451 527
153 422
136 841
637 513
763 842
15 775
126 30
756 177
314 908
229 287
908 274
270 883
480 381
405 164
957 983
851 332
139 120
681 909
96 187
573 679
462 478
734 382
904 10
436 701
772 823
281 392
293 997
680 524
872 362
720 39
582 729
200 423
897 327
423 247
261 232
446 172
364 589
419 788
739 619
207 897
850 986
472 60
138 583
737 382
341 188
551 473
790 883
976 373
749 96
970 415
860 799
114 729
186 826
260 197
62 329
907 886
749 497
307 98
56 290
330 897
937 255
956 845
683 911
479 352
725 120
304 812
819 255
325 906
933 75
293 770
960 423
300 696
528 603
486 663
107 206
456 582
843 338
75 812
991 362
907 475
979 370
646 170
908 782
946 89
605 500
952 570
150 531
335 71
836 568
835 903
965 988
537 311
839 951
663 389
139 766
649 719
357 620
609 211
370 745
614 332
262 433
870 218
373 466
296 846
435 819
607 585
646 587
17 222
943 518
63 559
745 412
447 716
68 247
505 571
681 119
812 246
850 65
561 50
28 977
106 465
181 289
737 337
78 91
23 750
907 411
858 455
509 869
721 837
439 542
171 420
511 203
521 257
427 79
891 482
837 520
788 204
518 93
517 953
372 542
872 469
789 836
803 521
725 596
336 146
198 552
492 269
5 88
782 256
331 102
60 568
541 167
959 872
765 969
734 680
216 618
187 935
540 993
958 336
264 886
28 141
981 17
485 866
544 83
965 525
947 14
285 651
757 875
723 567
672 503
819 72
793 549
761 217
743 281
598 484
823 385
674 218
44 552
233 634
529 188
182 442
974 902
410 348
233 370
909 809
567 781
490 99
400 775
917 302
231 100
24 691
889 863
586 793
796 614
642 23
1 133
617 677
186 122
984 867
498 395
842 228
101 254
34 41
91 56
184 28
871 607
987 516
238 424
255 578
781 984
546 63
674 870
526 596
708 863
303 485
693 45
695 627
761 863
520 517
199 229
56 13
773 22
351 62
907 976
602 24
86 185
434 438
386 565
672 198
428 964
730 324
146 149
15 121
563 284
433 583
679 402
943 552
877 277
623 721
274 640
256 923
903 687
279 113
579 663
736 582
771 457
576 191
978 767
170 960
1000 783
306 128
37 304
758 218
415 119
110 885
127 953
257 893
258 730
576 93
560 626
145 506
797 891
28 708
288 889
700 182
542 561
745 459
173 82
590 733
873 257
811 720
520 643
297 782
82 12
798 494
310 4
612 908
439 928
450 411
953 496
148 86
186 385
924 695
724 641
124 341
965 630
955 447
485 892
582 754
363 900
932 965
622 791
578 886
267 558
587 949
824 353
863 576
39 2
811 45
977 197
523 369
109 442
459 151
756 935
8 317
377 514
213 492
968 623
296 504
39 352
722 921
498 962
192 697
321 91
412 438
895 593
611 358
539 453
726 917
322 423
640 576
933 197
271 482
352 942
136 447
23 434
908 916
691 476
468 99
417 983
753 811
383 112
13 213
259 72
260 919
391 447
231 188
827 925
610 7
562 482
629 394
226 399
135 971
103 87
503 985
129 278
330 433
629 59
41 546
6 572
478 521
742 362
174 262
606 773
689 207
819 636
107 702
714 362
110 627
275 538
223 633
295 487
775 921
816 214
466 851
613 457
116 823
768 792
989 470
993 531
871 534
124 377
52 462
241 435
3 926
115 358
99 557
392 395
891 473
817 478
929 228
217 698
436 982
711 611
986 110
713 750
823 625
239 665
635 845
310 955
12 926
470 422
288 613
994 548
901 40
742 754
285 150
380 407
292 85
252 81
434 382
493 801
939 395
190 771
195 939
919 776
107 507
35 687
457 257
807 609
153 568
890 41
123 586
70 983
921 515
648 325
832 226
926 812
193 440
457 99
25 359
128 633
447 920
783 750
219 553
679 777
900 586
170 811
233 405
378 598
396 345
914 666
609 210
663 501
405 485
542 766
586 226
514 71
112 461
616 872
848 71
702 883
828 666
950 719
798 294
886 515
770 287
91 479
996 330
104 834
102 765
751 224
169 650
777 971
947 894
394 285
294 306
354 521
171 69
462 580
433 926
86 944
627 332
96 644
560 307
58 258
601 937
855 868
90 430
364 705
609 858
938 112
167 358
958 119
227 203
378 357
195 617
180 211
809 741
956 524
4 897
591 975
61 848
249 496
895 645
599 464
475 505
368 482
812 895
652 740
523 756
430 270
765 953
57 618
574 129
244 556
722 908
359 301
749 357
930 833
887 553
277 522
460 688
675 955
966 238
549 94
71 270
623 813
829 190
728 15
502 398
434 934
291 819
457 31
330 279
480 232
176 753
434 180
969 436
680 33
150 197
62 817
417 618
805 919
149 915
847 44
500 953
836 819
568 773
128 914
590 710
756 234
956 500
390 502
746 960
33 555
716 808
589 566
715 839
55 510
99 822
746 83
358 277
175 961
842 590
186 490
370 383
479 547
794 194
85 728
920 28
586 587
418 201
385 432
871 839
552 966
940 341
744 366
63 6
891 385
928 629
638 654
566 187
611 493
661 349
55 930
994 906
752 285
685 551
523 340
212 947
717 150
494 369
192 559
155 725
674 843
927 655
731 262
713 823
789 618
976 431
881 998
601 822
480 648
921 959
26 733
484 621
35 777
203 463
97 576
852 976
784 528
838 743
731 597
71 204
226 43
757 989
44 856
120 526
597 4
728 205
784 687
639 409
624 901
435 257
93 293
682 258
140 218
606 125
218 802
41 811
27 840
767 394
605 315
680 910
454 265
221 50
334 723
101 716
283 659
379 998
196 720
676 218
35 210
97 125
150 225
634 226
555 498
451 307
824 951
400 755
954 198
955 99
495 154
854 855
139 94
638 238
944 171
935 562
457 631
205 465
353 550
979 726
764 576
626 545
509 955
629 922
722 204
779 951
64 814
104 779
251 748
871 14
609 710
132 579
25 949
786 704
608 282
263 548
342 487
972 874
416 236
199 315
518 437
464 288
400 440
285 782
455 98
425 155
687 727
464 703
726 59
51 369
235 764
604 643
843 451
274 432
169 158
170 752
930 790
883 982
443 713
508 913
516 210
511 14
226 170
192 102
714 215
828 179
25 721
260 551
213 711
687 248
429 152
398 685
257 815
996 908
903 432
706 898
980 229
448 958
433 46
867 621
390 668
304 221
289 623
571 369
366 623
115 117
222 755
888 491
697 71
120 85
250 728
324 39
767 797
144 325
663 694
331 937
760 37
448 715
784 373
876 651
827 457
11 770
779 42
588 246
102 839
513 218
936 735
702 694
492 526
232 188
893 57
967 726
768 904
203 621
901 740
295 85
578 531
262 934
854 716
910 594
640 114
218 98
293 628
679 37
385 617
831 244
600 906
985 700
802 474
566 355
532 55
459 293
705 525
941 901
583 548
820 234
881 460
865 967
651 560
824 92
717 815
726 71
527 18
1 928
739 216
377 383
805 301
569 203
691 394
696 372
19 521
555 63
170 615
245 161
523 937
378 770
335 653
145 419
844 747
993 295
234 987
176 583
144 229
311 331
136 10
654 463
801 809
736 510
364 471
516 468
865 222
993 1
991 522
723 232
914 667
472 907
844 856
962 995
279 527
633 8
490 156
771 847
385 24
172 448
858 675
897 997
326 697
433 531
722 785
578 802
98 952
219 148
491 651
628 120
523 670
333 164
704 536
284 552
232 265
454 171
72 466
626 617
384 147
997 30
120 446
855 400
424 842
688 155
336 5
688 362
392 311
160 819
824 282
199 370
38 820
829 535
21 586
596 774
777 164
544 681
817 731
103 962
363 621
57 798
574 981
482 277
321 145
824 120
271 263
97 714
646 465
27 291
445 97
545 787
947 995
827 649
114 586
499 1000
740 746
463 845
212 451
984 156
367 941
494 769
633 699
755 317
911 538
662 660
570 126
421 298
945 416
710 224
213 687
793 724
421 699
870 922
391 279
214 926
440 839
511 292
705 401
390 725
852 480
68 311
966 280
721 888
633 247
943 632
938 504
793 103
496 801
853 342
278 745
154 939
995 490
103 380
842 770
419 261
78 10
686 325
923 661
712 960
954 5
587 150
647 42
281 469
614 648
931 271
73 539
485 238
896 37
261 157
820 908
933 747
312 155
167 39
189 619
993 884
156 276
894 612
238 136
39 489
504 128
337 713
781 696
476 872
458 431
13 384
122 784
843 976
401 197
688 707
912 727
216 196
606 433
643 585
471 864
160 775
30 801
986 923
878 677
386 853
648 32
904 906
490 641
951 524
239 519
904 793
411 315
340 387
13 35
952 862
269 953
690 137
230 342
179 948
184 862
171 249
25 350
947 431
282 439
945 349
384 692
514 234
220 207
405 427
597 583
631 406
881 313
107 327
202 721
610 306
576 462
315 402
211 357
529 952
417 486
783 967
459 239
646 529
726 142
704 418
262 270
763 897
747 260
859 718
667 828
917 34
884 171
498 346
233 555
816 684
518 417
651 75
983 150
350 753
246 934
907 306
911 474
548 544
552 931
59 9
114 236
462 530
230 804
147 246
989 771
960 867
859 523
744 953
610 767
179 685
556 761
423 818
815 540
126 901
551 54
296 506
958 12
172 641
602 506
535 514
187 880
60 482
762 772
249 431
800 41
674 590
126 871
951 882
666 974
848 997
796 93
992 752
991 482
334 995
745 984
928 250
527 844
650 527
101 446
539 146
278 250
746 562
396 81
808 145
459 973
442 499
776 463
960 124
32 591
487 97
589 953
239 512
8 99
847 449
81 738
387 703
231 924
468 434
452 863
418 731
685 375
671 804
818 344
729 595
508 598
475 263
573 450
717 939
709 2
514 16
771 995
331 936
426 592
23 598
483 641
543 143
128 202
901 961
704 573
928 865
719 767
262 20
379 446
252 160
313 28
134 210
361 341
862 972
731 50
659 465
496 107
848 502
85 497
217 809
968 943
255 801
8 332
225 986
484 881
327 485
275 182
652 924
318 248
433 850
587 689
915 390
113 42
373 966
786 233
97 542
518 688
591 922
506 90
331 349
856 460
969 723
36 766
734 493
438 702
458 40
631 895
465 892
320 25
247 630
752 60
410 6
999 840
816 51
838 462
325 169
182 546
292 38
666 375
387 266
594 450
943 769
767 77
953 769
201 100
438 843
584 631
102 292
763 762
326 924
420 337
650 946
763 875
913 592
497 751
738 423
426 677
392 877
157 563
158 884
90 598
835 253
400 572
239 363
560 794
337 151
820 740
922 797
345 700
909 22
820 651
512 332
585 266
859 935
915 633
826 36
906 92
11 304
323 226
821 367
699 911
648 747
612 676
258 843
544 972
309 172
835 69
76 361
95 671
589 989
290 715
328 618
596 775
379 193
635 875
247 97
985 264
177 891
108 681
440 147
403 265
920 669
454 980
666 868
920 524
613 641
687 654
247 135
356 19
62 667
678 967
554 49
44 999
801 423
116 318
946 391
585 733
155 55
675 812
235 997
587 8
19 548
714 878
744 637
47 498
363 57
715 428
610 90
316 357
154 500
227 534
357 683
672 377
253 522
568 698
988 451
681 509
371 451
188 155
83 439
67 986
672 744
898 191
658 983
740 815
317 618
49 468
954 684
984 729
287 86
469 799
611 602
426 374
67 760
283 983
76 890
685 208
359 220
860 90
917 13
115 149
650 648
465 454
357 240
641 475
882 401
132 730
428 349
505 822
73 538
516 924
394 172
717 434
534 616
792 119
703 867
985 586
379 215
696 896
398 351
904 480
890 713
263 595
678 694
56 161
809 549
682 829
384 616
494 375
134 452
816 683
446 506
88 754
584 727
252 317
132 173
333 540
542 336
165 291
209 679
835 631
838 586
967 114
734 651
863 45
791 704
763 137
468 987
964 928
583 877
679 399
910 423
210 622
969 747
438 614
455 700
437 849
761 265
580 971
653 415
303 888
269 952
352 338
79 993
226 375
248 291
965 768
13 435
199 584
899 688
27 763
746 753
608 754
814 78
546 696
45 148
310 505
611 630
371 253
816 350
522 342
310 104
976 660
404 229
614 154
887 502
194 753
250 821
508 273
825 593
419 288
313 309
524 325
855 373
449 132
738 402
293 112
714 920
356 523
543 345
750 375
381 941
989 657
905 374
51 548
608 395
938 276
273 691
838 724
276 578
761 888
172 755
802 311
610 623
645 60
925 348
963 665
470 379
648 255
811 349
406 723
498 592
282 592
682 352
400 472
734 359
887 415
835 736
667 476
199 865
951 994
865 613
238 737
49 592
526 482
360 724
889 472
887 701
36 953
696 316
81 737
62 892
690 61
983 640
684 547
45 983
102 136
429 440
642 43
974 876
82 92
102 27
896 418
823 25
770 391
845 961
983 106
119 764
138 301
513 175
676 813
569 274
775 43
79 430
854 992
196 138
287 733
272 682
437 224
612 562
571 78
206 807
390 969
154 642
998 259
471 385
590 73
99 558
598 472
445 550
90 183
769 272
147 164
935 391
258 791
1000 50
623 112
436 78
129 610
593 69
975 823
90 457
73 937
26 881
208 884
192 617
542 281
781 767
337 242
303 271
790 887
958 41
227 33
985 461
274 402
347 712
852 923
193 226
967 58
491 261
156 288
117 323
463 875
448 464
86 454
142 340
365 629
10 926
304 703
946 194
359 411
252 809
259 978
348 680
832 229
743 497
67 848
670 953
508 806
843 295
572 255
102 330
468 352
783 747
474 997
71 581
222 947
225 125
652 522
837 158
675 335
123 794
932 102
348 125
866 766
210 122
407 564
33 915
746 717
758 547
851 255
798 410
230 200
231 865
812 242
992 477
48 79
105 114
954 111
292 586
223 678
667 654
707 877
780 999
582 543
842 696
827 324
209 109
872 192
587 784
180 666
846 211
977 96
742 800
449 655
893 332
860 443
789 881
522 28
25 540
100 96
742 751
792 314
920 879
78 539
983 300
695 664
221 837
475 637
155 379
156 208
221 760
804 836
532 299
392 10
165 270
942 386
756 777
764 300
288 183
236 942
680 601
865 707
847 983
39 698
577 247
430 269
41 18
153 616
388 257
111 584
1000 633
434 67
970 145
239 159
494 775
667 403
260 987
559 161
122 446
732 699
349 229
912 169
895 174
787 667
884 669
608 771
741 820
170 891
69 119
404 244
645 746
983 27
406 182
157 756
1 360
664 728
165 565
258 377
470 600
965 222
487 654
419 182
224 974
611 682
82 36
931 211
516 895
872 633
826 854
514 793
442 771
590 999
242 817
435 64
471 675
305 493
362 726
589 277
989 539
722 374
405 954
300 288
873 226
893 255
567 354
806 542
494 26
579 400
871 680
674 100
717 2
650 205
742 607
356 238
527 257
530 615
695 591
773 129
830 498
490 369
190 109
262 654
902 259
105 571
547 556
87 511
364 800
384 536
706 215
299 663
179 333
661 685
496 199
648 196
668 159
118 322
815 344
709 805
899 981
722 988
281 478
252 627
257 693
386 851
653 815
333 28
912 503
434 103
239 776
437 848
603 367
259 80
614 716
984 795
265 967
984 489
307 380
994 158
334 679
182 491
199 587
130 78
685 384
830 763
11 721
672 757
658 568
182 410
535 130
918 14
997 527
16 248
421 959
597 566
619 418
158 802
14 774
609 392
115 195
650 730
944 499
138 310
12 291
54 98
935 559
771 534
665 63
993 922
208 446
285 342
654 961
56 514
517 667
771 679
354 891
885 525
688 71
686 470
194 912
930 28
487 993
178 358
363 886
841 568
985 677
604 969
329 905
237 240
863 588
518 25
650 225
725 555
432 754
787 456
217 492
647 716
356 273
968 659
642 742
851 958
138 575
910 433
734 725
91 629
424 320
901 210
65 82
302 417
200 488
506 68
749 8
550 251
740 943
851 676
507 594
515 737
946 223
141 63
805 104
643 325
681 26
710 3
956 900
167 867
230 737
766 567
239 669
899 124
477 24
259 221
46 247
799 479
514 349
97 45
723 209
531 762
982 818
288 810
629 113
745 538
746 869
728 744
358 103
513 396
14 883
71 646
220 92
323 457
854 775
267 53
328 37
35 243
167 724
922 379
414 55
552 724
534 324
83 846
315 670
888 204
228 853
974 446
760 774
137 739
64 781
220 640
494 99
684 247
337 996
691 821
927 925
380 94
769 279
536 6
522 121
137 477
61 736
271 243
380 205
13 546
458 515
190 90
638 596
696 827
894 930
643 852
755 472
872 156
881 416
470 277
41 283
630 631
722 642
669 905
87 532
165 250
848 820
411 86
322 297
38 459
701 137
244 724
649 822
164 309
572 410
937 115
758 501
465 882
338 512
545 598
748 59
607 240
166 510
79 811
724 444
974 572
595 329
562 386
453 450
32 621
399 801
443 37
227 986
268 136
895 491
810 839
615 24
768 555
749 850
516 757
668 241
573 484
280 885
836 874
984 541
883 273
381 5
941 401
979 802
12 491
654 782
827 470
189 13
206 913
945 807
413 201
826 34
662 388
867 44
842 562
177 526
785 975
73 973
336 105
85 546
121 985
881 643
536 98
935 426
150 970
507 97
569 478
568 400
223 357
497 966
574 984
976 455
764 446
341 91
658 367
682 121
501 134
669 692
661 761
463 985
320 345
563 263
951 948
737 520
93 487
972 369
757 965
759 155
765 811
504 917
621 150
559 837
718 976
853 323
199 721
810 630
154 498
84 119
925 839
183 506
254 291
553 168
81 671
615 862
311 217
503 925
969 9
941 211
154 775
83 151
983 568
49 180
906 108
949 617
665 865
480 296
266 191
946 135
267 202
675 217
768 853
381 232
988 944
681 968
849 350
635 717
427 896
30 63
906 9
71 702
807 349
276 219
940 194
820 536
333 442
713 584
567 381
110 248
848 289
21 649
205 156
837 543
46 820
582 794
91 221
403 73
533 934
962 168
29 31
195 299
244 814
919 698
260 469
541 100
973 505
78 743
688 631
172 664
184 182
57 936
186 780
613 675
155 503
339 530
198 861
434 258
473 216
187 966
387 136
977 664
523 788
316 723
505 239
291 612
53 589
335 758
458 31
996 93
633 747
445 945
818 879
808 297
334 565
460 88
624 49
862 15
760 558
867 407
115 418
819 472
205 905
995 571
689 964
782 639
456 353
277 381
559 267
983 623
819 758
1 331
462 42
466 217
757 301
549 434
400 759
55 135
936 969
991 877
113 900
763 898
241 680
578 873
685 67
608 685
512 647
620 664
414 107
343 67
78 586
440 674
385 359
370 159
299 153
262 47
444 966
8 982
396 929
189 682
336 418
997 83
177 598
90 209
766 329
24 255
48 709
586 211
200 512
437 477
702 331
364 787
489 998
475 567
544 724
742 715
345 39
95 909
407 283
579 826
13 896
434 343
967 195
959 943
543 812
559 644
244 753
522 617
838 711
280 871
235 798
649 874
64 134
729 148
801 551
571 713
539 151
559 88
946 175
303 798
948 545
223 763
611 809
978 732
101 667
176 558
841 300
461 515
995 599
376 485
528 418
927 314
305 31
491 513
755 547
244 482
24 577
776 720
872 773
118 565
382 110
591 126
975 479
327 892
280 905
216 217
211 755
619 286
488 812
505 914
662 270
295 371
673 551
466 991
50 670
807 404
607 902
876 454
462 339
466 622
869 621
915 975
399 166
882 294
759 556
301 576
820 976
346 91
515 470
717 120
954 794
708 781
655 774
843 558
254 755
882 8
332 41
544 641
873 987
177 860
142 798
539 646
367 545
329 646
401 241
130 977
497 328
316 900
354 307
853 219
812 105
325 594
809 797
352 976
170 321
789 97
482 111
863 103
818 676
892 533
697 546
239 978
311 417
717 670
887 274
943 44
766 961
306 99
659 550
472 327
681 117
849 907
538 313
210 567
245 463
997 105
891 565
788 961
889 212
378 595
81 604
652 103
620 947
275 972
79 366
462 98
436 633
93 862
976 606
850 59
285 364
358 354
620 593
804 258
814 639
556 233
371 981
482 43
432 895
343 11
276 192
404 509
815 925
138 33
727 225
604 876
163 590
99 588
375 779
830 634
356 244
322 36
765 368
622 235
143 54
219 340
882 44
322 918
920 910
42 423
208 963
891 198
659 204
700 800
228 285
677 464
385 900
649 119
541 161
985 47
786 200
74 758
626 267
991 1
208 624
523 747
450 725
187 47
610 887
826 808
166 610
423 682
905 447
246 75
212 463
855 679
914 311
83 346
9 579
404 648
41 818
95 387
832 195
193 512
690 225
912 920
151 258
923 301
46 44
874 469
107 454
272 153
271 123
583 396
201 150
662 101
476 8
334 410
542 735
750 802
895 460
521 960
461 813
194 744
581 12
491 730
621 352
224 959
116 197
458 635
651 210
750 636
362 837
519 475
54 166
538 755
245 263
858 340
750 350
860 490
574 814
223 442
370 90
760 686
869 116
618 692
232 7
983 492
507 415
750 457
933 663
823 519
20 336
518 51
955 631
939 10
262 765
621 676
142 807
859 211
643 798
631 335
958 133
265 440
432 679
52 80
933 969
922 230
458 427
424 727
824 665
960 569
526 888
798 765
378 130
285 982
514 896
878 335
386 527
584 952
307 51
19 359
477 767
8 244
299 951
448 491
32 234
276 370
348 588
523 868
17 11
511 17
964 748
207 296
445 251
296 427
71 489
899 2
757 250
723 838
102 4
84 916
726 591
305 865
178 497
567 585
918 413
944 568
802 698
418 691
650 998
478 535
961 751
374 580
604 353
901 823
168 453
337 306
282 341
656 426
270 926
586 807
552 363
496 833
634 555
690 713
654 852
881 782
880 679
490 267
755 769
465 39
917 18
803 395
807 499
93 567
646 823
205 93
390 241
301 970
536 445
955 437
831 334
305 375
584 393
603 487
716 702
719 517
557 426
595 523
744 335
671 7
928 406
124 49
894 565
336 193
834 832
32 330
802 290
9 702
570 966
75 364
835 310
375 17
437 766
494 385
156 26
13 959
674 987
640 727
454 787
493 823
757 666
834 149
853 183
764 342
565 355
252 546
238 629
166 246
165 35
400 362
792 816
227 373
322 579
585 581
164 354
828 217
297 263
106 913
731 850
190 590
678 383
538 290
574 362
524 849
466 265
692 559
511 363
352 480
702 391
211 39
35 245
552 41
844 817
150 134
295 128
27 585
121 278
158 653
758 56
969 192
828 285
101 461
640 961
512 582
253 130
181 421
54 989
246 204
441 264
224 904
244 507
872 548
103 384
44 715
732 80
860 29
589 505
760 876
992 397
976 514
205 496
333 187
869 54
923 849
693 427
34 248
793 381
82 268
45 408
33 304
531 561
841 585
551 914
272 828
25 626
759 559
501 852
845 114
271 923
807 245
152 273
685 729
856 997
673 241
894 593
806 439
960 30
892 82
697 100
658 848
276 609
601 284
237 500
459 6
493 189
632 766
925 317
913 349
805 327
943 874
251 297
550 229
473 791
536 627
669 681
286 983
69 106
960 446
249 169
505 23
103 20
52 588
979 379
302 12
400 767
623 900
884 644
567 945
73 85
680 75
18 590
202 307
541 802
987 546
755 574
183 57
426 798
7 367
585 67
968 341
323 546
992 75
258 259
771 231
82 63
909 992
70 285
974 254
81 893
564 894
358 355
606 517
591 371
24 491
941 171
814 726
381 179
110 371
257 379
668 835
945 694
506 996
252 192
699 899
901 707
578 624
446 224
727 81
911 286
975 871
835 208
85 202
506 710
927 512
555 209
459 196
882 987
216 463
643 690
626 38
937 401
422 91
422 126
561 721
428 840
288 91
277 961
938 13
783 116
213 31
198 461
455 438
882 670
616 270
445 124
321 419
900 464
833 19
669 653
51 74
70 922
330 63
739 473
649 929
784 712
692 961
273 341
292 503
350 325
615 715
766 589
107 48
2 188
791 124
885 65
895 56
275 781
737 970
40 390
684 599
118 707
84 855
529 838
669 840
884 958
686 108
46 271
486 246
555 519
70 497
182 223
6 905
297 795
817 92
682 8
374 795
965 364
470 602
405 229
7 113
10 215
525 756
360 272
305 401
256 123
702 736
115 6
744 438
780 902
855 450
379 397
620 709
806 642
920 1
95 184
280 224
299 204
997 61
870 261
871 596
985 989
603 410
609 557
114 197
318 459
925 161
195 412
860 410
439 397
539 347
423 180
602 268
403 440
886 521
227 156
545 103
998 699
431 270
717 865
845 300
575 391
298 177
925 586
781 516
782 231
397 303
517 26
313 532
226 975
958 484
657 911
948 186
471 895
108 18
973 729
298 467
359 766
87 847
862 211
735 99
139 682
782 944
255 398
771 417
477 896
709 725
387 103
16 334
36 897
218 812
203 683
922 942
80 837
391 481
784 835
408 599
830 766
268 195
253 923
144 433
537 702
774 701
345 941
309 522
954 337
883 881
270 927
71 812
77 431
884 1
727 469
159 153
719 881
78 107
119 645
603 728
175 995
159 302
55 329
702 668
43 257
707 806
102 812
964 159
731 188
558 138
39 213
828 958
561 861
671 502
445 993
487 883
552 936
132 472
190 210
48 711
376 724
30 315
472 776
399 98
845 494
796 247
401 378
644 450
792 373
267 523
194 83
692 470
711 410
911 116
273 832
403 325
193 105
375 385
530 360
269 276
648 227
725 601
374 219
341 386
397 432
117 363
685 411
643 313
537 862
506 673
745 963
84 203
931 626
783 509
679 572
900 319
667 92
374 276
286 666
602 571
549 16
182 603
240 840
45 817
273 430
207 45
823 375
914 689
989 107
718 603
899 287
597 614
249 712
736 310
276 345
495 855
758 987
768 753
997 770
824 712
253 114
734 149
383 915
205 495
261 429
335 604
231 607
275 257
216 475
629 632
845 176
895 399
815 872
337 985
437 398
111 219
632 434
299 421
137 450
302 772
176 424
695 515
418 493
132 323
189 610
315 863
962 238
708 926
359 834
86 30
117 956
216 355
434 486
347 607
792 448
632 767
924 197
288 175
91 594
170 335
62 369
9 843
123 357
251 296
225 250
496 401
539 343
926 642
173 557
612 914
838 289
351 121
387 83
481 412
282 528
9 549
947 171
818 638
739 269
408 753
305 863
433 354
364 446
274 594
774 859
886 479
567 944
344 946
970 938
164 422
615 900
908 100
754 980
898 348
944 336
270 812
564 910
944 303
819 929
992 59
441 299
851 368
245 513
855 328
988 943
438 392
722 255
595 887
724 593
945 804
145 828
812 12
315 556
928 753
582 674
342 327
971 693
241 721
863 995
864 963
404 366
8 527
372 602
613 455
164 419
825 984
789 893
441 999
668 610
831 22
462 591
536 813
32 260
674 207
846 41
924 779
337 743
1000 417
433 992
930 404
199 249
368 315
845 263
459 84
207 786
835 497
817 814
293 44
125 753
808 643
471 997
385 922
518 543
254 915
198 450
644 184
322 563
687 890
669 795
28 133
576 681
143 756
331 41
388 269
453 289
670 767
909 413
880 19
754 564
982 556
745 96
364 275
148 800
455 612
69 226
698 754
753 581
602 641
560 767
889 5
541 660
709 274
875 54
107 448
533 548
130 25
922 109
141 439
202 51
974 825
25 102
758 912
634 674
46 268
528 123
361 478
270 896
533 774
954 301
611 686
704 348
614 243
487 64
393 603
949 630
551 742
54 922
216 48
917 8
519 324
236 604
85 880
548 340
771 591
869 144
872 652
48 510
447 462
233 950
756 490
510 554
656 622
405 966
744 454
780 534
557 70
626 790
993 717
336 72
345 302
661 358
935 75
424 955
333 309
284 351
216 573
995 309
868 13
407 387
302 687
566 476
181 882
661 568
739 824
712 304
924 158
321 119
173 259
877 90
424 360
167 400
209 666
994 457
795 792
762 861
31 730
394 975
161 968
455 298
916 840
131 240
903 790
745 998
709 316
688 807
672 444
156 837
36 819
109 931
483 311
481 452
696 417
382 772
526 293
785 157
715 732
573 214
79 925
376 460
486 945
692 708
839 631
309 920
735 550
683 496
672 632
488 533
451 427
162 714
552 478
845 583
667 959
942 247
101 524
840 345
516 712
976 649
611 714
261 551
188 521
300 83
319 497
357 142
672 838
529 579
694 263
987 267
570 273
823 929
738 731
562 853
559 261
603 731
876 813
884 288
209 24
449 553
937 812
275 341
133 799
9 257
872 375
390 134
181 3
403 256
609 584
403 249
467 938
449 331
636 398
267 550
750 491
401 488
773 336
668 426
261 12
855 180
414 554
761 771
815 538
748 527
855 805
307 883
401 266
757 759
756 990
631 194
632 740
999 670
449 6
454 785
412 317
450 744
166 244
518 601
183 171
221 545
615 73
51 20
367 318
681 141
689 682
230 522
231 295
296 60
829 142
540 199
447 799
549 31
416 629
202 394
852 64
619 215
676 150
554 566
738 187
102 325
408 436
286 437
577 616
470 673
55 25
131 569
232 630
276 457
296 519
917 775
45 244
618 54
12 451
509 999
813 65
25 888
963 286
836 16
768 784
536 364
720 505
725 888
780 591
233 910
566 88
641 183
458 813
574 631
579 479
691 825
530 649
55 626
918 692
646 8
208 422
307 945
419 799
462 995
194 5
378 486
139 573
99 384
657 564
622 44
489 848
627 662
593 346
493 630
308 291
132 714
723 708
8 63
571 851
946 413
485 885
12 631
209 594
636 958
547 193
161 865
240 998
918 377
520 184
4 489
443 859
301 281
620 121
982 624
143 806
130 387
704 36
478 435
502 469
162 528
606 975
258 511
6 641
705 398
469 773
272 207
609 234
58 336
404 836
666 19
63 705
559 716
504 424
202 531
268 454
704 369
443 263
63 598
599 608
926 720
766 19
571 3
904 370
132 861
59 983
318 608
232 481
447 64
604 73
845 881
58 37
354 844
285 282
434 541
859 957
658 791
896 54
10 19
525 944
849 16
977 91
411 605
427 185
470 248
273 604
163 704
800 573
7 979
270 259
199 363
475 707
938 233
172 545
138 913
801 55
345 243
534 787
958 127
706 204
462 878
356 469
677 477
694 597
473 87
630 599
631 138
541 190
411 921
32 82
133 444
943 495
212 347
326 423
740 657
298 396
569 446
353 372
743 387
688 907
911 611
808 192
774 949
575 831
689 589
511 348
428 514
283 655
857 400
126 381
510 28
827 842
872 817
944 750
138 811
799 288
782 534
313 291
221 200
538 58
900 933
351 447
965 217
606 709
77 393
41 755
885 274
978 84
172 419
87 498
555 41
289 665
73 290
15 9
404 190
791 247
689 408
530 924
586 992
237 596
629 910
8 974
172 193
135 463
927 819
305 480
159 453
58 168
332 387
11 338
347 218
977 71
320 846
356 4
990 424
329 912
686 938
671 808
759 646
461 511
670 141
798 966
818 478
609 781
248 911
29 140
471 539
476 871
803 842
392 56
470 614
88 871
674 946
296 404
216 321
613 687
652 817
598 93
485 828
507 988
146 138
130 519
957 178
609 403
498 697
463 953
818 664
122 253
93 396
577 531
203 340
939 600
559 211
174 823
982 734
295 467
847 812
696 112
202 4
199 103
781 198
50 80
123 511
558 415
477 15
424 165
903 567
260 587
814 374
356 924
602 980
608 537
463 509
447 984
638 421
351 184
127 928
419 123
43 763
461 748
943 948
196 367
512 412
179 603
145 543
989 182
457 797
993 179
611 636
206 128
101 470
652 42
927 96
451 315
159 10
845 983
920 466
79 291
764 745
582 446
534 445
483 763
402 466
968 77
660 259
474 282
954 32
955 345
839 869
138 21
105 222
732 365
626 936
846 157
330 452
191 629
634 891
764 830
640 110
859 18
950 335
42 344
149 484
835 29
945 589
711 630
712 336
252 121
398 317
570 850
21 538
481 857
189 392
781 836
873 995
782 423
161 431
437 330
837 280
446 488
703 99
227 186
561 654
503 217
431 300
514 695
942 920
635 134
341 31
640 682
324 835
534 599
900 116
242 500
562 599
49 872
411 65
246 79
592 322
373 799
744 669
856 503
820 338
17 91
74 412
239 983
900 426
815 89
372 497
94 78
89 377
382 982
53 734
221 332
334 533
335 452
192 126
931 709
970 37
438 669
810 586
153 837
908 243
9 572
452 329
927 294
231 917
69 74
624 319
755 551
754 942
940 691
988 167
149 979
712 559
484 454
49 103
576 580
846 428
701 631
480 357
375 620
106 483
699 154
685 931
793 502
976 156
85 823
569 634
385 327
168 849
333 9
480 579
320 1000
272 831
94 846
773 401
168 992
686 614
102 601
195 457
53 43
890 664
446 90
621 728
217 818
968 982
328 629
935 18
846 923
80 22
831 77
635 836
636 507
303 420
626 1
647 559
190 46
910 487
397 752
933 910
424 658
167 458
151 961
479 436
227 39
504 672
769 982
19 307
908 629
495 570
18 905
151 653
790 619
154 882
869 990
675 825
639 456
434 89
914 207
94 55
278 302
351 940
583 241
72 721
469 433
17 208
553 38
135 512
302 19
567 541
54 624
3 146
297 497
887 524
139 466
620 137
93 7
810 689
405 379
615 902
429 5
196 272
185 737
22 508
44 348
193 834
549 485
515 301
534 27
628 418
976 707
719 21
443 262
673 741
435 606
68 466
719 954
354 986
633 317
211 659
180 578
229 893
59 218
724 595
512 323
276 204
548 528
931 488
459 411
965 603
483 273
122 691
428 406
716 705
21 737
336 253
122 546
865 906
437 273
739 945
406 960
833 468
866 721
150 333
824 145
123 28
632 700
51 299
981 965
621 478
969 773
472 235
561 704
34 426
886 962
389 944
139 933
805 376
165 153
293 84
41 395
541 302
835 529
340 145
605 667
967 20
787 850
383 221
209 862
28 838
14 321
587 1
771 326
627 768
919 198
351 896
523 973
528 797
446 264
629 867
541 737
753 635
516 289
404 635
666 338
117 244
245 431
504 231
33 855
322 936
987 658
435 635
637 688
468 497
895 394
990 410
850 249
101 433
463 318
563 740
837 13
935 944
918 838
23 550
48 146
121 444
374 798
379 672
289 664
578 91
149 124
43 393
923 877
984 877
604 46
253 56
570 490
475 98
883 97
404 46
285 509
585 303
73 515
607 986
523 97
997 58
979 547
485 278
811 693
312 308
230 995
194 168
945 544
360 64
108 998
143 225
716 741
958 365
939 14
647 337
250 907
622 139
894 620
852 660
639 844
820 684
74 564
806 333
848 211
556 668
706 311
513 631
420 623
437 535
60 470
721 500
139 961
344 385
44 962
311 940
835 473
344 48
471 59
130 294
402 147
978 610
173 388
501 23
340 395
197 270
880 128
936 114
80 824
410 804
486 804
197 415
774 801
162 601
514 226
733 494
664 651
934 655
29 797
589 751
236 601
173 72
642 241
106 396
290 215
443 447
390 90
968 78
438 374
979 590
191 868
627 64
264 708
679 756
281 532
301 275
898 683
637 152
361 568
632 520
100 38
674 245
184 121
590 385
721 310
152 727
212 591
375 493
235 614
252 344
433 190
820 61
753 118
40 999
376 374
248 650
527 182
437 924
917 612
27 144
292 340
357 524
520 15
957 70
209 934
981 320
479 857
291 916
929 113
386 928
672 329
274 621
321 526
838 117
805 884
18 614
476 174
59 382
22 102
83 116
802 730
322 912
456 386
102 131
504 398
326 571
20 754
499 405
154 888
67 697
818 291
585 52
533 828
456 96
111 800
781 661
280 910
387 746
951 242
612 938
812 148
797 744
600 710
286 119
309 446
370 767
833 828
371 877
91 122
314 471
78 356
686 615
781 901
242 85
995 401
389 40
690 813
530 534
236 619
623 121
103 977
332 437
445 882
427 395
502 845
30 564
839 326
497 323
173 776
563 384
393 408
216 277
682 30
922 545
118 140
503 450
307 111
473 795
203 398
459 792
815 143
853 56
286 987
4 324
556 598
879 660
726 681
585 523
588 650
148 783
369 708
758 126
154 408
463 150
272 35
653 556
650 856
886 466
300 977
16 24
110 840
970 937
101 523
32 722
589 806
369 311
828 334
171 981
693 888
649 186
662 205
846 286
704 371
635 1
594 158
888 127
656 261
984 914
567 113
771 596
176 154
380 922
63 683
69 817
341 545
638 777
470 143
306 996
203 512
301 671
369 489
649 271
200 427
204 61
575 30
480 829
47 977
928 321
982 244
512 128
52 121
402 24
90 747
246 307
671 212
138 622
583 656
196 244
484 627
622 953
665 416
809 892
42 268
671 179
925 654
984 246
359 726
588 968
576 896
999 902
655 330
531 344
644 985
60 128
117 465
726 693
32 929
453 718
14 753
219 606
482 961
119 540
654 257
457 651
701 2
365 884
346 207
11 682
172 725
983 720
586 42
605 350
844 998
542 689
10 622
563 886
61 925
608 861
457 871
131 738
850 246
91 103
305 743
179 750
186 158
390 492
230 239
413 901
401 965
524 428
681 929
918 822
759 860
176 55
453 533
296 729
59 866
232 366
313 996
82 720
160 906
180 325
256 157
81 392
564 398
394 295
731 114
949 55
437 451
316 756
578 707
91 148
341 807
177 782
844 130
975 933
605 939
52 93
255 630
952 365
133 252
228 318
247 242
236 350
359 532
915 454
134 734
598 83
502 36
991 96
919 263
351 193
138 879
924 447
911 675
889 347
527 883
402 448
555 136
875 233
468 193
515 936
184 760
297 447
10 800
141 246
14 636
473 670
865 172
849 871
939 905
322 909
344 621
73 17
326 845
865 29
542 685
745 551
818 173
840 461
913 759
276 321
847 10
462 44
616 968
949 550
770 443
954 204
943 660
713 163
708 243
244 275
997 891
229 449
46 521
216 928
710 528
366 810
246 780
561 192
745 99
764 969
971 737
96 393
850 798
138 226
90 219
627 496
706 50
427 128
856 782
29 76
727 21
366 285
808 913
733 740
609 958
212 985
565 987
970 883
949 444
638 350
769 558
4 813
117 932
872 167
618 951
303 371
325 727
750 200
734 589
539 545
301 184
687 729
728 486
660 679
520 466
539 478
955 997
805 319
994 488
832 499
761 467
463 927
908 568
711 69
969 574
718 185
218 746
722 643
458 61
574 327
853 404
680 822
728 508
539 109
328 15
629 494
645 521
117 58
500 182
687 130
658 411
430 153
516 506
154 167
909 789
527 666
931 805
254 460
912 728
257 854
221 157
776 726
357 973
140 933
839 741
509 130
421 860
854 798
357 862
358 489
396 654
185 933
279 707
592 368
528 213
270 750
613 510
922 501
410 614
580 137
376 935
874 67
972 595
21 489
45 403
696 629
567 306
775 193
358 565
270 443
825 960
761 962
668 538
835 251
11 493
336 162
599 227
18 338
91 904
387 874
562 791
228 359
507 184
492 172
477 512
702 75
830 28
479 438
961 467
49 825
342 874
18 116
402 215
883 125
943 251
15 678
570 680
114 604
667 286
541 505
123 726
35 600
53 655
682 305
511 89
782 876
624 992
643 166
292 472
738 120
442 557
23 88
857 862
823 874
718 665
476 284
461 592
396 196
75 518
390 743
585 245
608 690
291 126
311 99
3 434
187 49
796 749
676 107
568 884
725 158
846 287
337 381
176 957
346 453
642 182
764 928
375 626
358 356
430 625
270 714
716 910
979 575
462 262
600 675
216 920
548 387
885 867
572 537
963 140
621 920
769 857
404 362
647 478
461 327
546 3
364 534
506 580
347 352
55 595
298 932
741 144
772 716
708 201
566 500
682 209
39 332
541 10
105 283
450 781
930 515
56 492
376 365
373 691
134 755
985 49
127 484
610 926
517 434
39 690
320 336
602 298
986 909
516 126
592 268
900 477
973 641
399 111
471 815
922 804
500 456
835 817
767 266
948 624
416 577
588 687
239 877
746 641
832 217
814 345
589 999
953 108
258 47
387 337
631 632
580 766
630 676
202 336
297 636
541 769
177 22
858 928
845 715
184 535
365 917
957 561
309 503
214 886
89 883
970 684
132 941
684 370
386 429
82 28
854 838
270 823
128 796
789 217
961 364
45 313
871 877
323 939
529 756
498 447
814 759
599 320
557 584
278 815
613 135
426 307
997 56
43 198
410 923
960 975
588 474
660 63
916 417
868 954
138 801
142 809
881 305
919 691
170 94
562 844
869 336
803 958
237 38
609 883
42 20
78 750
100 866
910 477
234 1000
532 471
679 160
402 140
22 685
540 938
136 32
843 826
29 427
570 753
899 989
384 293
459 850
979 913
627 881
633 748
612 837
563 153
981 170
231 319
748 235
308 516
723 991
134 904
378 832
255 26
58 578
615 746
675 721
2 157
761 114
562 69
203 21
144 523
88 452
310 327
998 21
873 16
340 730
197 191
571 366
115 858
222 514
183 220
837 495
54 971
127 643
917 455
956 403
228 554
637 338
603 686
483 371
716 839
110 466
129 81
862 989
957 823
484 259
525 531
451 90
921 808
720 529
295 213
426 388
68 864
786 567
163 524
349 841
915 525
356 59
30 316
431 877
894 575
697 225
842 986
593 80
740 129
305 956
725 563
82 983
393 128
431 696
308 53
795 557
568 225
535 935
536 895
386 634
4 957
299 747
602 448
198 511
865 658
592 182
591 904
975 700
570 661
37 23
10 984
152 870
27 146
412 680
400 352
496 455
417 141
956 813
577 32
669 624
670 827
909 417
253 743
913 38
44 710
425 860
562 263
734 25
457 115
259 197
617 73
248 328
980 121
856 135
875 101
679 793
956 226
44 484
706 921
46 110
763 744
305 16
514 196
382 6
129 354
2 16
791 272
699 433
516 537
683 129
410 492
286 347
768 758
822 313
950 226
607 745
906 844
245 552
414 63
508 334
175 323
20 978
148 143
704 342
30 239
180 536
806 892
884 256
708 86
105 191
911 403
303 876
907 328
301 697
52 321
146 762
995 403
92 404
137 453
105 473
272 976
238 223
959 133
63 464
990 774
323 447
513 659
556 961
556 727
207 773
986 148
5 504
864 944
531 96
562 630
13 814
360 598
290 865
369 920
406 359
652 587
86 479
300 685
317 777
700 462
919 44
19 835
688 8
363 720
805 133
917 571
918 492
633 902
390 597
410 191
838 87
948 691
698 586
737 928
921 297
117 142
809 340
250 545
973 323
387 530
923 612
353 944
864 412
849 584
727 555
414 392
381 107
435 943
613 384
108 726
888 129
301 874
529 527
438 397
538 887
958 596
102 798
103 563
551 991
254 933
516 930
479 576
996 796
870 275
794 281
761 787
793 460
720 799
671 404
385 578
540 562
378 407
696 880
937 522
764 71
268 988
659 213
165 420
425 335
136 182
959 782
318 130
947 718
30 534
40 530
39 732
763 118
601 855
450 701
624 720
71 79
915 285
554 39
757 604
350 130
425 105
8 223
504 558
250 30
576 898
361 433
958 300
799 744
326 238
89 261
420 187
170 590
296 607
585 549
990 236
840 375
300 544
356 996
920 458
292 76
295 450
885 75
301 394
728 906
738 383
197 218
897 828
736 260
75 690
404 868
477 378
465 274
218 390
672 847
736 243
323 781
572 873
811 739
872 152
162 389
41 507
349 721
667 756
234 371
92 214
591 349
205 434
650 257
851 384
660 218
384 981
668 701
615 504
342 356
163 531
423 221
47 657
640 53
210 361
916 418
510 777
99 766
850 602
742 596
333 183
474 297
143 19
19 33
773 136
61 678
534 371
360 656
856 594
599 170
982 22
954 575
152 621
355 38
546 296
288 125
161 737
863 390
208 708
692 30
605 843
752 257
491 311
844 497
701 344
188 269
355 260
908 534
522 356
624 843
184 412
238 723
61 106
689 641
35 455
895 791
566 797
952 929
386 987
585 961
396 160
30 23
684 787
26 229
999 138
862 390
40 473
677 174
863 92
733 491
537 640
633 47
82 223
129 870
852 271
193 670
624 358
989 178
721 908
98 533
483 769
898 354
917 454
791 493
150 479
548 230
201 405
699 114
747 398
859 840
755 907
438 373
573 774
450 287
111 92
187 264
976 827
681 934
523 142
601 674
945 752
363 883
660 109
938 395
997 172
85 482
855 194
513 773
399 104
241 236
995 455
480 776
228 510
345 190
735 393
402 975
384 590
938 173
228 333
907 922
692 476
87 410
125 707
554 477
203 185
591 794
795 745
356 489
599 319
322 265
126 771
353 62
905 286
209 761
442 821
225 109
273 245
611 115
539 254
136 315
120 836
286 781
676 445
640 891
127 157
776 363
448 236
781 230
213 932
219 683
952 556
922 908
407 836
728 979
857 753
426 914
163 496
782 547
365 116
6 553
214 38
27 590
470 698
841 54
662 36
563 545
859 694
149 9
38 294
519 378
975 340
231 708
54 71
182 8
737 327
99 890
592 553
793 326
617 906
444 994
319 246
294 432
480 566
744 259
52 322
328 746
775 336
526 622
543 692
926 404
588 483
129 632
938 254
21 570
526 901
823 152
691 986
428 716
347 350
644 428
937 446
313 372
202 706
262 591
214 312
669 538
859 385
878 415
441 536
890 489
247 180
621 391
143 361
990 836
536 971
95 96
6 937
549 843
627 955
921 748
316 226
819 205
711 43
936 303
820 52
670 788
692 99
397 176
1 719
917 969
832 255
245 38
84 100
545 734
766 600
639 298
805 132
364 436
311 675
105 646
830 553
230 277
837 243
654 475
785 344
624 192
715 667
24 566
316 294
926 571
974 807
387 533
746 846
215 385
658 648
422 805
558 645
808 542
784 318
845 923
681 586
647 165
163 792
901 554
519 330
371 989
867 992
710 606
15 700
239 82
370 223
617 102
724 718
618 457
546 186
86 739
234 303
849 11
668 713
29 897
124 1
609 907
242 116
460 3
280 425
246 532
15 451
609 996
756 637
501 586
692 485
565 17
142 962
346 857
700 824
402 23
955 833
997 454
191 403
708 527
639 805
985 390
517 47
208 729
999 733
526 791
982 469
621 107
630 475
155 403
531 236
517 449
8 175
504 926
175 205
786 482
715 456
878 516
238 679
520 202
151 52
923 7
299 865
598 391
265 977
126 388
939 785
746 625
382 893
700 66
352 304
667 139
853 684
197 72
824 530
71 547
301 26
447 54
602 799
896 582
595 74
867 721
617 518
482 657
876 545
948 950
92 80
666 227
300 101
241 699
936 613
93 356
828 691
927 967
357 229
950 90
879 352
202 786
815 968
104 796
556 84
974 511
101 113
317 892
306 903
733 620
801 857
152 289
707 81
21 513
268 882
413 375
397 594
933 608
436 8
494 258
316 614
246 739
314 431
708 988
433 774
293 274
223 209
388 58
962 67
640 62
825 329
809 716
976 299
207 621
445 40
940 626
212 277
919 256
482 47
142 665
655 314
172 926
736 886
937 33
424 396
297 130
960 334
652 524
636 995
349 174
739 506
923 227
300 942
231 142
947 233
307 326
326 166
19 698
66 739
899 411
577 277
710 75
13 313
182 400
850 326
282 298
766 370
659 916
162 708
235 262
861 70
24 669
652 39
546 574
909 976
785 578
128 843
45 138
319 511
504 340
704 605
861 360
699 117
276 418
78 114
885 610
153 345
48 1
128 105
279 926
86 696
39 210
423 115
379 287
56 874
494 60
684 148
128 294
575 194
356 180
655 858
125 593
878 17
55 778
43 962
852 692
393 279
639 876
87 405
345 46
720 853
541 240
731 343
573 451
460 440
632 857
432 92
922 205
114 567
463 581
464 970
71 167
623 650
395 71
460 749
980 20
835 779
527 961
272 59
917 549
460 892
944 589
173 373
47 300
288 693
64 300
616 777
448 907
838 248
89 911
205 356
810 873
686 60
10 549
67 556
763 859
234 7
456 21
367 289
576 294
957 631
799 116
638 164
984 523
885 469
120 209
29 745
193 923
374 841
971 928
738 761
67 475
451 56
215 179
533 26
241 476
827 309
955 376
413 108
265 425
976 792
774 111
87 657
427 225
894 601
438 787
792 297
960 859
423 885
912 990
950 590
934 323
876 829
32 477
506 396
108 269
470 291
19 201
114 377
904 129
853 226
377 665
821 836
759 24
421 463
457 278
902 670
796 181
946 358
472 417
114 938
127 213
840 844
912 297
571 748
211 237
140 151
550 334
975 247
353 76
540 336
871 390
121 847
984 346
138 840
913 802
128 614
473 731
704 169
657 293
813 59
862 750
225 251
619 471
803 156
160 622
112 659
888 20
50 601
992 50
920 271
287 591
859 770
533 205
833 867
704 533
357 81
620 729
567 482
932 557
384 971
628 252
704 644
390 177
393 915
472 692
730 854
848 319
682 520
388 914
426 237
99 265
67 213
968 872
53 10
630 796
928 470
601 259
346 951
710 239
76 236
21 605
830 477
947 675
693 75
346 806
40 645
510 973
249 164
912 841
964 658
678 864
140 166
517 46
243 835
762 721
544 388
963 602
503 269
325 573
551 323
517 447
878 140
703 388
265 758
584 788
957 350
783 397
718 990
65 335
246 243
908 850
967 305
979 161
526 336
46 121
292 78
295 793
371 463
387 338
961 617
690 105
943 809
241 975
934 612
519 526
619 34
840 469
997 301
36 218
2 982
552 77
945 14
641 309
839 686
254 154
216 494
352 142
10 332
484 411
362 206
453 384
393 685
596 820
489 436
812 88
775 100
214 98
198 551
55 658
615 506
232 225
94 779
756 700
831 162
464 20
941 542
726 476
376 704
200 494
645 882
782 461
933 623
146 339
939 146
647 733
411 861
69 873
108 641
976 413
635 240
526 24
263 773
894 883
933 833
133 227
354 240
9 827
174 607
364 57
881 225
455 402
795 785
908 528
1000 561
674 686
934 196
661 916
222 58
425 980
409 511
250 163
325 819
622 699
951 515
130 291
524 727
890 115
967 277
473 625
520 886
518 801
623 964
71 118
201 40
865 17
166 798
6 579
136 861
945 217
894 132
842 291
699 406
662 30
422 787
850 214
757 281
432 67
234 179
127 652
274 497
174 471
547 762
955 238
63 997
836 59
30 246
36 427
681 786
934 110
25 790
427 891
263 372
342 279
414 224
323 523
211 672
910 576
175 512
303 14
4 523
349 838
777 781
11 453
394 455
307 602
38 798
574 700
703 24
741 213
820 950
406 909
185 829
587 640
859 423
187 798
92 936
377 488
446 365
194 474
967 181
34 627
60 503
756 852
759 55
319 630
167 784
402 382
630 256
278 405
669 732
620 366
506 186
516 49
365 389
277 739
244 618
411 357
127 159
497 937
822 51
459 593
443 820
83 285
151 28
813 659
961 928
306 343
349 83
975 131
838 249
676 236
309 965
201 196
992 201
137 812
173 22
945 197
728 755
992 184
591 64
171 637
558 123
581 58
728 610
309 743
606 647
352 182
633 299
419 456
21 388
560 250
499 182
279 844
109 112
976 906
722 162
445 713
102 704
731 144
327 549
812 439
873 167
669 346
770 844
